PARAMS: {'batch_size': 128, 'learning_rate': 0.01, 'dropout_rate': 0.2, 'epochs': 100, 'patience': 15}
ACCURACY:  0.9840
F1 SCORE:  0.9835
PRECISION: 0.9841
RECALL:    0.9830
TEST LOSS: 0.0754
Validation Loss: [0.16015271842479706, 0.10835496336221695, 0.09971265494823456, 0.12134910374879837, 0.0985776036977768, 0.08290380239486694, 0.0998898446559906, 0.09123896807432175, 0.08808498084545135, 0.09501567482948303, 0.0832533910870552, 0.08230149000883102, 0.09640520066022873, 0.12499397248029709, 0.08129292726516724, 0.08349118381738663, 0.10764534026384354, 0.07511727511882782, 0.09502080827951431, 0.08319501578807831, 0.07888919860124588, 0.13446269929409027, 0.11249273270368576, 0.08602727204561234, 0.0901813954114914, 0.08095518499612808, 0.09279471635818481, 0.08773341029882431, 0.15218180418014526, 0.14385303854942322, 0.08053762465715408, 0.11698075383901596, 0.1036543995141983]
Validation Accuracy: [0.9539999961853027, 0.9679999947547913, 0.9599999785423279, 0.9574999809265137, 0.9605000019073486, 0.9760000109672546, 0.9660000205039978, 0.9589999914169312, 0.9735000133514404, 0.9704999923706055, 0.9775000214576721, 0.9610000252723694, 0.9585000276565552, 0.9480000138282776, 0.9760000109672546, 0.9810000061988831, 0.9545000195503235, 0.9750000238418579, 0.9649999737739563, 0.9745000004768372, 0.9710000157356262, 0.9549999833106995, 0.9624999761581421, 0.9695000052452087, 0.968999981880188, 0.9605000019073486, 0.9710000157356262, 0.9695000052452087, 0.9449999928474426, 0.9430000185966492, 0.9760000109672546, 0.9545000195503235, 0.9660000205039978]
Validation F1: [0.9537109049723538, 0.967946637814299, 0.9598019955262393, 0.9572474587457338, 0.960410743613352, 0.9759935913594415, 0.9659351741208685, 0.9586385375721223, 0.9735152879115607, 0.9704382536233515, 0.9774995296668606, 0.9608359567748201, 0.9581389528536522, 0.9472097479268561, 0.9759860943855333, 0.9810009507561588, 0.954134218675185, 0.9749881015175706, 0.9648734556928137, 0.9744759275657697, 0.970962969231296, 0.9545073567155876, 0.9623262396403767, 0.9694201929416317, 0.9689166624311033, 0.960181162955906, 0.9710096579971772, 0.9694293028603063, 0.9441964736571282, 0.9421566969032446, 0.9759899886686427, 0.9541551406426867, 0.9658766670972156]
VALIDATION MACRO F1: [0.953546725867876, 0.9676993338835773, 0.9598852594729503, 0.9573307226924449, 0.9604952568711091, 0.9760768553061526, 0.9657678115011636, 0.9587218015188335, 0.9734325780196238, 0.9705215175700624, 0.9776661963335274, 0.9609192207215311, 0.9580562429617153, 0.9472930118735672, 0.9760693583322443, 0.9810842147028698, 0.9542174826218961, 0.9751547681842373, 0.9649567196395246, 0.9746423169168512, 0.971046233178007, 0.9545906206622987, 0.9621601270284842, 0.9695034568883429, 0.9687505498192109, 0.9602644269026172, 0.9710929219438882, 0.9692631902484138, 0.9442797376038392, 0.9422399608499556, 0.9760732526153537, 0.9542384045893979, 0.9659599310439267]
Validation Precision: [0.9582520522051696, 0.9692450018209989, 0.9633925146335544, 0.9622173946633181, 0.9627981459246548, 0.9764374648676403, 0.9682089490425382, 0.9658209982669217, 0.9735349065148076, 0.9721080885193273, 0.9777837119021331, 0.964608044422389, 0.9653226538823553, 0.9585465575928787, 0.9766253502391332, 0.9812219868731681, 0.9597635556099329, 0.975571976631887, 0.9675806040265276, 0.9753481895889451, 0.9720843911156803, 0.9631000139508453, 0.9656540600727285, 0.9714480682860873, 0.9708984634711275, 0.9668648486831571, 0.971127056137386, 0.9711396908893798, 0.9549179976154182, 0.952051629195155, 0.9765269295595803, 0.9594699498776569, 0.9685948490407725]
Validation Recall: [0.954, 0.968, 0.96, 0.9575, 0.9605, 0.976, 0.966, 0.959, 0.9735, 0.9705, 0.9775, 0.961, 0.9585, 0.948, 0.976, 0.981, 0.9545, 0.975, 0.965, 0.9745, 0.971, 0.955, 0.9625, 0.9695, 0.969, 0.9605, 0.971, 0.9695, 0.945, 0.943, 0.976, 0.9545, 0.966]
Validation Loss Min: 0.0751
Validation Accuracy Max: 0.9810
Validation F1 Max: 0.9810
VALIDATION MACRO F1 Max: 0.9811

--- MODEL CONFIGURATION ---
PATIENCE: 15
MAX EPOCHS: 100
EPOCHS RUN: 33

--- CLASSIFICATION REPORT ---
              precision    recall  f1-score   support

           0       1.00      1.00      1.00       300
           1       0.96      0.96      0.96       200
           2       1.00      0.99      1.00       200
           3       0.96      0.96      0.96       200
           4       1.00      0.99      0.99       100

    accuracy                           0.98      1000
   macro avg       0.98      0.98      0.98      1000
weighted avg       0.98      0.98      0.98      1000
