PARAMS: {'batch_size': 64, 'learning_rate': 0.01, 'dropout_rate': 0.4, 'n_hidden_layers': 3, 'first_layer_nodes': 256, 'epochs': 100, 'patience': 15}
ACCURACY:  0.9670
F1 SCORE:  0.9670
MACRO F1-SCORE: 0.9660
PRECISION: 0.9681
RECALL:    0.9670
TEST LOSS: 0.1385
Validation Loss: [0.2923603653907776, 0.18026544153690338, 0.32418328523635864, 0.26250216364860535, 0.1871899962425232, 0.2426164597272873, 0.27110880613327026, 0.12416985630989075, 0.14731444418430328, 0.1644868403673172, 0.3330056071281433, 0.1967807561159134, 0.2816321551799774, 0.3793409466743469, 0.37796539068222046, 0.18307062983512878, 0.46206793189048767, 0.435309499502182, 0.21907904744148254, 0.4007728397846222, 0.48049771785736084, 0.2634229362010956, 0.20164601504802704]
Validation Accuracy: [0.9160000085830688, 0.9545000195503235, 0.8460000157356262, 0.8450000286102295, 0.8960000276565552, 0.8794999718666077, 0.8924999833106995, 0.9589999914169312, 0.9235000014305115, 0.9225000143051147, 0.8895000219345093, 0.9254999756813049, 0.887499988079071, 0.8834999799728394, 0.8855000138282776, 0.9290000200271606, 0.8130000233650208, 0.8190000057220459, 0.9070000052452087, 0.800000011920929, 0.7919999957084656, 0.9024999737739563, 0.9210000038146973]
Validation F1: [0.9164871772980001, 0.9545235706758707, 0.8388088414031168, 0.8194963469560603, 0.8948922057599236, 0.8776973762047826, 0.8857298291172309, 0.9587932735471699, 0.9213011672336712, 0.9201880055850334, 0.8811366172734968, 0.9237168597392501, 0.8790696669890472, 0.8736109538864196, 0.8758787292895763, 0.9282360848222564, 0.7822039916455858, 0.798270188867529, 0.9024791055130383, 0.7753924740209855, 0.7672855472661373, 0.9019838519219653, 0.9196555940812254]
Validation Precision: [0.9243146216607654, 0.9546348055792556, 0.9086565513438829, 0.9109132483370288, 0.9280139040699572, 0.9193927120397709, 0.9247554836654167, 0.9634468972648337, 0.9416552173260345, 0.9406848942354304, 0.9254430386514413, 0.942794776538684, 0.9247223517730715, 0.9240032568614747, 0.9253858038513211, 0.944397121734464, 0.8337343524980614, 0.8895763344531542, 0.9330577384596371, 0.8765182551828369, 0.868004761291983, 0.9311230577428797, 0.9398364070366241]
Validation Recall: [0.916, 0.9545, 0.846, 0.845, 0.896, 0.8795, 0.8925, 0.959, 0.9235, 0.9225, 0.8895, 0.9255, 0.8875, 0.8835, 0.8855, 0.929, 0.813, 0.819, 0.907, 0.8, 0.792, 0.9025, 0.921]
Validation Loss Min: 0.1242
Validation Accuracy Max: 0.9590
Validation F1 Max: 0.9588

--- MODEL CONFIGURATION ---
FIRST LAYER NODES: 256
HIDDEN LAYERS: 3
PATIENCE: 15
MAX EPOCHS: 100
EPOCHS RUN: 22

--- CLASSIFICATION REPORT ---
              precision    recall  f1-score   support

           0       1.00      0.99      0.99       300
           1       0.96      0.90      0.93       200
           2       0.99      0.99      0.99       200
           3       0.90      0.97      0.93       200
           4       0.98      0.99      0.99       100

    accuracy                           0.97      1000
   macro avg       0.97      0.97      0.97      1000
weighted avg       0.97      0.97      0.97      1000

VALIDATION MACRO F1: 0.9580
