PARAMS: {'batch_size': 32, 'learning_rate': 0.001, 'dropout_rate': 0.4, 'n_hidden_layers': 2, 'first_layer_nodes': 256, 'epochs': 100, 'patience': 15}
ACCURACY:  0.9820
F1 SCORE:  0.9820
MACRO F1-SCORE: 0.9800
PRECISION: 0.9820
RECALL:    0.9820
TEST LOSS: 0.0814
Validation Loss: [0.32268452644348145, 0.1966383159160614, 0.1273164302110672, 0.10576027631759644, 0.10643145442008972, 0.13336607813835144, 0.09379608184099197, 0.103897325694561, 0.07937949895858765, 0.08671493828296661, 0.08124583959579468, 0.08175305277109146, 0.0830552726984024, 0.07831857353448868, 0.07664841413497925, 0.07439712435007095, 0.08430450409650803, 0.0737137496471405, 0.07426324486732483, 0.07598622888326645, 0.10203017294406891, 0.0769285038113594, 0.117864228785038, 0.07895050942897797, 0.07924527674913406, 0.06730464100837708, 0.06924039125442505, 0.07268541306257248, 0.06862416118383408, 0.0752641037106514, 0.06511349976062775, 0.07400567829608917, 0.06884194910526276, 0.06812687963247299, 0.07356633245944977, 0.06942004710435867, 0.08109044283628464, 0.07286441326141357, 0.07337071746587753, 0.07160118222236633, 0.0696166604757309, 0.08070126175880432, 0.0988045260310173, 0.06926663964986801, 0.06876449286937714, 0.0705694705247879]
Validation Accuracy: [0.875, 0.9229999780654907, 0.9509999752044678, 0.9679999947547913, 0.9589999914169312, 0.9419999718666077, 0.9610000252723694, 0.9549999833106995, 0.9674999713897705, 0.9605000019073486, 0.9639999866485596, 0.9629999995231628, 0.9639999866485596, 0.9660000205039978, 0.9769999980926514, 0.968999981880188, 0.9700000286102295, 0.9664999842643738, 0.9660000205039978, 0.9664999842643738, 0.9539999961853027, 0.9700000286102295, 0.9474999904632568, 0.9629999995231628, 0.9704999923706055, 0.9764999747276306, 0.968999981880188, 0.9754999876022339, 0.965499997138977, 0.9635000228881836, 0.9815000295639038, 0.9639999866485596, 0.9679999947547913, 0.9695000052452087, 0.9624999761581421, 0.9700000286102295, 0.9645000100135803, 0.965499997138977, 0.9679999947547913, 0.9764999747276306, 0.9815000295639038, 0.968500018119812, 0.9545000195503235, 0.9674999713897705, 0.9804999828338623, 0.9785000085830688]
Validation F1: [0.8750861404824757, 0.9210169031070325, 0.9507552295671851, 0.9679700872550444, 0.9586933533471067, 0.9410783100004066, 0.9608456494963106, 0.9546227472998577, 0.9674039891538719, 0.9602509816611879, 0.9638534637412499, 0.9628246649324969, 0.9639574689447428, 0.9658734410573845, 0.97698965212376, 0.9689138270320982, 0.9699245208034308, 0.9663713904677299, 0.965875194235606, 0.9663739563322652, 0.9535703076099896, 0.9699238031777585, 0.9466860157568335, 0.9628232979861807, 0.9704150624389231, 0.9764765500390934, 0.9689067644827218, 0.9754655882376713, 0.965458730838584, 0.9633122441315617, 0.9814931452362976, 0.9638077394282482, 0.9678842369221783, 0.9694125891287574, 0.9623239658131374, 0.9699688870332164, 0.9642917827644205, 0.9653008624432915, 0.9679367430375266, 0.9764717251853942, 0.9814991303036676, 0.9684339512439512, 0.954085860554362, 0.9673833469377953, 0.9804899699788605, 0.9785015585052954]
Validation Precision: [0.8830943410722767, 0.9388729090729921, 0.9566367373897376, 0.969614361596262, 0.9640647043427747, 0.952036980717985, 0.9639609573890437, 0.9613944099378882, 0.969841319650882, 0.9647981864869203, 0.9668463367545177, 0.9664929365813484, 0.9656335079274083, 0.9688469893554739, 0.9775335253380792, 0.9711447324507732, 0.9727306987108967, 0.9693347228578881, 0.9687178515760984, 0.9692104381481884, 0.9602101240220366, 0.972078076337711, 0.958232646292348, 0.9664317820993937, 0.9726485549779195, 0.9774143606353525, 0.97122862916517, 0.9766789108978653, 0.9670371115102625, 0.967086480223581, 0.9819902985385611, 0.9677225564133939, 0.9706249946846963, 0.9716373190228633, 0.9657885627608048, 0.9714905681315054, 0.9695855939538517, 0.97044265850236, 0.9701766448655599, 0.9775447525650108, 0.9819231846189745, 0.9707801986718967, 0.9604938921370377, 0.9700769762888002, 0.9810852861662642, 0.9787951157753139]
Validation Recall: [0.875, 0.923, 0.951, 0.968, 0.959, 0.942, 0.961, 0.955, 0.9675, 0.9605, 0.964, 0.963, 0.964, 0.966, 0.977, 0.969, 0.97, 0.9665, 0.966, 0.9665, 0.954, 0.97, 0.9475, 0.963, 0.9705, 0.9765, 0.969, 0.9755, 0.9655, 0.9635, 0.9815, 0.964, 0.968, 0.9695, 0.9625, 0.97, 0.9645, 0.9655, 0.968, 0.9765, 0.9815, 0.9685, 0.9545, 0.9675, 0.9805, 0.9785]
Validation Loss Min: 0.0651
Validation Accuracy Max: 0.9815
Validation F1 Max: 0.9815

--- MODEL CONFIGURATION ---
FIRST LAYER NODES: 256
HIDDEN LAYERS: 2
PATIENCE: 15
MAX EPOCHS: 100
EPOCHS RUN: 45

--- CLASSIFICATION REPORT ---
              precision    recall  f1-score   support

           0       1.00      1.00      1.00       300
           1       0.96      0.96      0.96       200
           2       0.99      0.99      0.99       200
           3       0.96      0.96      0.96       200
           4       0.99      0.99      0.99       100

    accuracy                           0.98      1000
   macro avg       0.98      0.98      0.98      1000
weighted avg       0.98      0.98      0.98      1000

VALIDATION MACRO F1: 0.9813
