PARAMS: {'batch_size': 32, 'learning_rate': 0.001, 'dropout_rate': 0.4, 'epochs': 100, 'patience': 15}
ACCURACY:  0.9830
F1 SCORE:  0.9827
PRECISION: 0.9831
RECALL:    0.9823
TEST LOSS: 0.0800
Validation Loss: [0.47033777832984924, 0.2597787380218506, 0.15542912483215332, 0.13275080919265747, 0.10930558294057846, 0.10588430613279343, 0.11475684493780136, 0.09239353984594345, 0.09031668305397034, 0.09587349742650986, 0.08625010401010513, 0.08393760770559311, 0.08751147240400314, 0.0883980393409729, 0.10990802943706512, 0.0960175096988678, 0.12453122437000275, 0.08801087737083435, 0.09151940792798996, 0.10147442668676376, 0.13612717390060425, 0.10873701423406601, 0.11488308012485504, 0.0827898308634758, 0.08101420849561691, 0.08407094329595566, 0.11856584995985031, 0.10973203927278519, 0.08699370175600052, 0.08207947760820389, 0.08627423644065857, 0.08593912422657013, 0.09124206751585007, 0.08218081295490265, 0.0936836302280426, 0.08379507809877396, 0.08170892298221588, 0.08907542377710342, 0.08952637761831284, 0.1499856859445572]
Validation Accuracy: [0.7954999804496765, 0.8815000057220459, 0.9390000104904175, 0.953000009059906, 0.9819999933242798, 0.9704999923706055, 0.9580000042915344, 0.972000002861023, 0.972000002861023, 0.9670000076293945, 0.9735000133514404, 0.9794999957084656, 0.9710000157356262, 0.9829999804496765, 0.9595000147819519, 0.9645000100135803, 0.9545000195503235, 0.9700000286102295, 0.9704999923706055, 0.9645000100135803, 0.9564999938011169, 0.9624999761581421, 0.9585000276565552, 0.9760000109672546, 0.9779999852180481, 0.9760000109672546, 0.9585000276565552, 0.9635000228881836, 0.9735000133514404, 0.9804999828338623, 0.9800000190734863, 0.9599999785423279, 0.9589999914169312, 0.9819999933242798, 0.9589999914169312, 0.9660000205039978, 0.9639999866485596, 0.9704999923706055, 0.9760000109672546, 0.9585000276565552]
Validation F1: [0.7613782331112667, 0.8802239780065828, 0.9383422591300647, 0.9526400055941094, 0.9820103416817162, 0.9704502803376479, 0.9578840143126375, 0.9719638945088793, 0.9719617802725501, 0.9669162075558626, 0.9734785261239604, 0.97950170633409, 0.970962969231296, 0.9829974003103836, 0.9591531285234411, 0.9643071630677569, 0.9541754769384082, 0.9699485203396032, 0.970465608409753, 0.9643541828796593, 0.9561889715022245, 0.962333789544069, 0.9581235572555014, 0.9759899886686427, 0.9779994233672369, 0.9759860943855333, 0.9581235572555014, 0.9633378188308696, 0.9734680932894941, 0.9804960801507806, 0.9799989238043545, 0.9596673352689994, 0.9586385375721223, 0.9820058751074412, 0.9586385375721223, 0.9658097097985698, 0.9639063742686956, 0.9704526572830969, 0.9759860943855333, 0.9582380226319606]
VALIDATION MACRO F1: [0.6625566842897179, 0.8665096248432211, 0.9382595492381279, 0.9523091598229652, 0.9820936056284273, 0.970367570445711, 0.9578013044207007, 0.9720471584555902, 0.9718790703806132, 0.9668334976639258, 0.9735617900706715, 0.979418996442153, 0.971046233178007, 0.9830806642570948, 0.9592363924701524, 0.9643904270144679, 0.9542587408851192, 0.9700317842863141, 0.9705488723564641, 0.9644374468263702, 0.9562722354489356, 0.9624170534907801, 0.9582068212022126, 0.9760732526153537, 0.978082687313948, 0.9760693583322443, 0.9582068212022126, 0.9634210827775807, 0.9735513572362052, 0.9803299675388881, 0.9800821877510657, 0.9597505992157105, 0.9587218015188335, 0.9820891390541522, 0.9587218015188335, 0.9658929737452808, 0.9639896382154067, 0.9705359212298081, 0.9760693583322443, 0.9583212865786717]
Validation Precision: [0.7453402769666171, 0.8903390787927299, 0.946155894569993, 0.9580359691758772, 0.9820313505447079, 0.9718741728707223, 0.9605523451120466, 0.9730893594986976, 0.9731627948219541, 0.9689294709285207, 0.9742819813662847, 0.979723754835529, 0.9720843911156803, 0.9839733486773367, 0.9661674986134221, 0.9691222527397859, 0.9591856265623178, 0.971365856453479, 0.9715156309685151, 0.9673968508247335, 0.9612433243042451, 0.965588616994078, 0.9654759356811952, 0.9765269295595803, 0.9782857969817205, 0.9766253502391332, 0.9654759356811952, 0.9666062121157195, 0.9745293639590461, 0.9806406827649068, 0.98028629648222, 0.9665154457254611, 0.9658209982669217, 0.9820820323658542, 0.9658209982669217, 0.9708070417968625, 0.9665247740402966, 0.9717940296102188, 0.9766253502391332, 0.9627458396272469]
Validation Recall: [0.7955, 0.8815, 0.939, 0.953, 0.982, 0.9705, 0.958, 0.972, 0.972, 0.967, 0.9735, 0.9795, 0.971, 0.983, 0.9595, 0.9645, 0.9545, 0.97, 0.9705, 0.9645, 0.9565, 0.9625, 0.9585, 0.976, 0.978, 0.976, 0.9585, 0.9635, 0.9735, 0.9805, 0.98, 0.96, 0.959, 0.982, 0.959, 0.966, 0.964, 0.9705, 0.976, 0.9585]
Validation Loss Min: 0.0810
Validation Accuracy Max: 0.9830
Validation F1 Max: 0.9830
VALIDATION MACRO F1 Max: 0.9831

--- MODEL CONFIGURATION ---
PATIENCE: 15
MAX EPOCHS: 100
EPOCHS RUN: 40

--- CLASSIFICATION REPORT ---
              precision    recall  f1-score   support

           0       1.00      1.00      1.00       300
           1       0.96      0.96      0.96       200
           2       0.99      0.99      0.99       200
           3       0.96      0.96      0.96       200
           4       1.00      0.99      0.99       100

    accuracy                           0.98      1000
   macro avg       0.98      0.98      0.98      1000
weighted avg       0.98      0.98      0.98      1000
