PARAMS: {'batch_size': 64, 'learning_rate': 0.01, 'dropout_rate': 0.2, 'n_hidden_layers': 3, 'first_layer_nodes': 64, 'epochs': 100, 'patience': 15}
ACCURACY:  0.9630
F1 SCORE:  0.9630
MACRO F1-SCORE: 0.9600
PRECISION: 0.9643
RECALL:    0.9630
TEST LOSS: 0.1038
Validation Loss: [0.34903261065483093, 0.19074490666389465, 0.19758059084415436, 0.12873037159442902, 0.1271725445985794, 0.12602688372135162, 0.09427524358034134, 0.15601882338523865, 0.09544675797224045, 0.10746362805366516, 0.11556915193796158, 0.12794595956802368, 0.12473104894161224, 0.18429212272167206, 0.09947659820318222, 0.1959967464208603, 0.1119546964764595, 0.10899456590414047, 0.10947766155004501, 0.09375113248825073, 0.1392613798379898, 0.1503036618232727, 0.14872747659683228, 0.15442702174186707, 0.18736030161380768, 0.17147894203662872, 0.10591652244329453, 0.20796388387680054, 0.12535114586353302, 0.15576143562793732, 0.13944680988788605, 0.1971305012702942, 0.13580499589443207, 0.15047159790992737, 0.23413705825805664]
Validation Accuracy: [0.9054999947547913, 0.9164999723434448, 0.9359999895095825, 0.949999988079071, 0.9394999742507935, 0.9394999742507935, 0.9890000224113464, 0.9309999942779541, 0.9629999995231628, 0.9580000042915344, 0.9424999952316284, 0.9545000195503235, 0.940500020980835, 0.9150000214576721, 0.9610000252723694, 0.9104999899864197, 0.9564999938011169, 0.9509999752044678, 0.9614999890327454, 0.9589999914169312, 0.9380000233650208, 0.9380000233650208, 0.9340000152587891, 0.9294999837875366, 0.9315000176429749, 0.9290000200271606, 0.9620000123977661, 0.9290000200271606, 0.9495000243186951, 0.9359999895095825, 0.9465000033378601, 0.9265000224113464, 0.9465000033378601, 0.9434999823570251, 0.9114999771118164]
Validation F1: [0.9045718978978592, 0.9135528301898589, 0.9348458793186984, 0.9501002248739197, 0.9385361976391091, 0.9383340132772396, 0.9890105874810572, 0.9296649507807949, 0.9628102928380143, 0.9577263857275979, 0.9415479016966389, 0.9541999055573183, 0.9394909913164083, 0.9115704054906754, 0.9608581002572446, 0.9066735132148772, 0.9562559653537431, 0.9505994791683554, 0.961358832340838, 0.9587115982674483, 0.9368140704906205, 0.9368081979958203, 0.9324114261941778, 0.9276750485109543, 0.9298435442355728, 0.9270428800443796, 0.9618467177874264, 0.9271780019933669, 0.948950160910782, 0.9346008391442631, 0.9457498201896953, 0.924311553097027, 0.9457498201896953, 0.9425736938908074, 0.90751529136154]
Validation Precision: [0.9113896316576188, 0.9373974601695163, 0.9491491624717249, 0.9507476247463692, 0.9501782801714217, 0.9512319501643215, 0.9890882758202904, 0.9439106460524831, 0.966680665816961, 0.9632365177195686, 0.9527857547659528, 0.9593034679672457, 0.9511443033776452, 0.9368842396527097, 0.9644514562861533, 0.9338601144720703, 0.9620192502532927, 0.9577343471793104, 0.9649514562861533, 0.9638389399604794, 0.9496485192093448, 0.9499489379084967, 0.9481411184768417, 0.9447865840921531, 0.9459872676343265, 0.9448970068143613, 0.9650051747621201, 0.9444202668441778, 0.9574324999804744, 0.9490687744532279, 0.9554086318203475, 0.9434541094145951, 0.9554086318203475, 0.9536020512538645, 0.9352589642777889]
Validation Recall: [0.9055, 0.9165, 0.936, 0.95, 0.9395, 0.9395, 0.989, 0.931, 0.963, 0.958, 0.9425, 0.9545, 0.9405, 0.915, 0.961, 0.9105, 0.9565, 0.951, 0.9615, 0.959, 0.938, 0.938, 0.934, 0.9295, 0.9315, 0.929, 0.962, 0.929, 0.9495, 0.936, 0.9465, 0.9265, 0.9465, 0.9435, 0.9115]
Validation Loss Min: 0.0938
Validation Accuracy Max: 0.9890
Validation F1 Max: 0.9890

--- MODEL CONFIGURATION ---
FIRST LAYER NODES: 64
HIDDEN LAYERS: 3
PATIENCE: 15
MAX EPOCHS: 100
EPOCHS RUN: 34

--- CLASSIFICATION REPORT ---
              precision    recall  f1-score   support

           0       1.00      0.99      0.99       300
           1       0.96      0.88      0.92       200
           2       0.99      0.99      0.99       200
           3       0.88      0.96      0.92       200
           4       0.97      0.99      0.98       100

    accuracy                           0.96      1000
   macro avg       0.96      0.96      0.96      1000
weighted avg       0.96      0.96      0.96      1000

VALIDATION MACRO F1: 0.9584
