PARAMS: {'batch_size': 128, 'learning_rate': 0.01, 'dropout_rate': 0.2, 'n_hidden_layers': 3, 'first_layer_nodes': 256, 'epochs': 100, 'patience': 15}
ACCURACY:  0.9720
F1 SCORE:  0.9720
MACRO F1-SCORE: 0.9720
PRECISION: 0.9746
RECALL:    0.9720
TEST LOSS: 0.0982
Validation Loss: [0.24387642741203308, 0.20356936752796173, 0.2236347496509552, 0.09606869518756866, 0.1307893991470337, 0.0931580439209938, 0.15761132538318634, 0.15060332417488098, 0.09939330071210861, 0.17716868221759796, 0.09405424445867538, 0.13624262809753418, 0.1504293978214264, 0.09888803213834763, 0.14338111877441406, 0.09869325160980225, 0.24140594899654388, 0.13114246726036072, 0.0964645966887474, 0.1451726108789444, 0.08536141365766525, 0.07781428843736649, 0.08034706860780716, 0.10231568664312363, 0.10033896565437317, 0.10668788105249405, 0.08209270238876343, 0.18803557753562927, 0.08261857181787491, 0.2604275643825531, 0.12177751213312149, 0.08212421834468842, 0.21462391316890717, 0.09003880620002747, 0.13042347133159637, 0.10520204156637192, 0.10775456577539444]
Validation Accuracy: [0.9284999966621399, 0.8859999775886536, 0.9129999876022339, 0.968500018119812, 0.9480000138282776, 0.9610000252723694, 0.9049999713897705, 0.9459999799728394, 0.9585000276565552, 0.925000011920929, 0.9620000123977661, 0.9225000143051147, 0.9150000214576721, 0.9815000295639038, 0.9340000152587891, 0.9564999938011169, 0.8855000138282776, 0.9375, 0.9635000228881836, 0.9599999785423279, 0.9750000238418579, 0.9645000100135803, 0.9769999980926514, 0.9695000052452087, 0.9564999938011169, 0.9539999961853027, 0.9704999923706055, 0.9269999861717224, 0.9635000228881836, 0.9290000200271606, 0.9559999704360962, 0.9610000252723694, 0.9380000233650208, 0.9595000147819519, 0.953499972820282, 0.9589999914169312, 0.953499972820282]
Validation F1: [0.9266535581013647, 0.8850146438862333, 0.909461620068344, 0.9684753321975949, 0.9473688039374317, 0.9607823504561457, 0.8995917688750761, 0.945201116942749, 0.9581659284847931, 0.9227164678174506, 0.9617493474310044, 0.9197408888269071, 0.9112042241317356, 0.9815002542524736, 0.9324493767602052, 0.9561251188733456, 0.8807068612930684, 0.9362849332669141, 0.9635099053160521, 0.9597595712406282, 0.9749818546489705, 0.9644571574738042, 0.9769881737280817, 0.9693895113392588, 0.9562134001211344, 0.953608476002374, 0.9704467842853071, 0.9248549003996596, 0.9633226143428424, 0.9270895112688367, 0.9555937347807429, 0.9607777197871189, 0.9367376105936864, 0.9592450756546537, 0.9530302420497956, 0.9586934628410185, 0.9530118095672394]
Validation Precision: [0.9444031778803387, 0.8943030440451222, 0.9350739103287915, 0.96940719643723, 0.9557965743638062, 0.9648790228810761, 0.9353259171037851, 0.955238302107499, 0.9638955675395005, 0.942395808898272, 0.9675302647778221, 0.9433622482697517, 0.9401000271052471, 0.9818712623205075, 0.9479412333151088, 0.96224876738686, 0.9032452853062133, 0.9493468202654626, 0.9642406471693019, 0.9654580169896929, 0.9757973372760887, 0.9660295263183687, 0.977836082271955, 0.9730960688585103, 0.9613611657091728, 0.9605466749838351, 0.9719482340353954, 0.9438380709579338, 0.9669806700837627, 0.9447007321653988, 0.9620968888990284, 0.9649125936802597, 0.9502983013057368, 0.9637728408648004, 0.96019045744895, 0.9641324642018343, 0.960332988753642]
Validation Recall: [0.9285, 0.886, 0.913, 0.9685, 0.948, 0.961, 0.905, 0.946, 0.9585, 0.925, 0.962, 0.9225, 0.915, 0.9815, 0.934, 0.9565, 0.8855, 0.9375, 0.9635, 0.96, 0.975, 0.9645, 0.977, 0.9695, 0.9565, 0.954, 0.9705, 0.927, 0.9635, 0.929, 0.956, 0.961, 0.938, 0.9595, 0.9535, 0.959, 0.9535]
Validation Loss Min: 0.0778
Validation Accuracy Max: 0.9815
Validation F1 Max: 0.9815

--- MODEL CONFIGURATION ---
FIRST LAYER NODES: 256
HIDDEN LAYERS: 3
PATIENCE: 15
MAX EPOCHS: 100
EPOCHS RUN: 36

--- CLASSIFICATION REPORT ---
              precision    recall  f1-score   support

           0       1.00      1.00      1.00       300
           1       0.88      0.99      0.94       200
           2       1.00      0.99      1.00       200
           3       0.99      0.88      0.93       200
           4       1.00      0.99      0.99       100

    accuracy                           0.97      1000
   macro avg       0.97      0.97      0.97      1000
weighted avg       0.97      0.97      0.97      1000

VALIDATION MACRO F1: 0.9643
