PARAMS: {'batch_size': 128, 'learning_rate': 0.001, 'dropout_rate': 0.3, 'n_hidden_layers': 3, 'first_layer_nodes': 64, 'epochs': 100, 'patience': 15}
ACCURACY:  0.9830
F1 SCORE:  0.9830
MACRO F1-SCORE: 0.9820
PRECISION: 0.9830
RECALL:    0.9830
TEST LOSS: 0.0711
Validation Loss: [0.8664270043373108, 0.5264012813568115, 0.44190460443496704, 0.37541663646698, 0.2635591924190521, 0.2027330845594406, 0.17173102498054504, 0.150565505027771, 0.1296030730009079, 0.11028947681188583, 0.10666794329881668, 0.09837422519922256, 0.09778931736946106, 0.09231491386890411, 0.08507931232452393, 0.08175333589315414, 0.10281271487474442, 0.07883325219154358, 0.10550867766141891, 0.0794801339507103, 0.08385983109474182, 0.07300709933042526, 0.0748911201953888, 0.08402121067047119, 0.0774257704615593, 0.07391837239265442, 0.07052382826805115, 0.06636304408311844, 0.06591609865427017, 0.07506705075502396, 0.06556432694196701, 0.08336201310157776, 0.0657825693488121, 0.06978686153888702, 0.0679602399468422, 0.0805325135588646, 0.062167081981897354, 0.10246560722589493, 0.06082843616604805, 0.0638391450047493, 0.06558164209127426, 0.06787103414535522, 0.06620680540800095, 0.07804699242115021, 0.0885760486125946, 0.08481667935848236, 0.06638649851083755, 0.058663226664066315, 0.09209248423576355, 0.06901299953460693, 0.11479274183511734, 0.09276808053255081, 0.057937294244766235, 0.05921962484717369, 0.0816616341471672, 0.07286708801984787, 0.07875818014144897, 0.15497803688049316, 0.06723237782716751, 0.05881037935614586, 0.06439090520143509, 0.06212089583277702, 0.06301844865083694, 0.05890902876853943, 0.06546971201896667, 0.07677207887172699, 0.07380954176187515, 0.06939826160669327]
Validation Accuracy: [0.7795000076293945, 0.784500002861023, 0.796999990940094, 0.8009999990463257, 0.9229999780654907, 0.949999988079071, 0.9505000114440918, 0.9390000104904175, 0.9589999914169312, 0.9704999923706055, 0.9649999737739563, 0.9674999713897705, 0.9679999947547913, 0.9629999995231628, 0.9710000157356262, 0.9729999899864197, 0.9620000123977661, 0.9804999828338623, 0.9545000195503235, 0.9679999947547913, 0.9710000157356262, 0.9819999933242798, 0.9670000076293945, 0.9649999737739563, 0.965499997138977, 0.9764999747276306, 0.9750000238418579, 0.9800000190734863, 0.9754999876022339, 0.9710000157356262, 0.9785000085830688, 0.9629999995231628, 0.9760000109672546, 0.9729999899864197, 0.9915000200271606, 0.9624999761581421, 0.9815000295639038, 0.9570000171661377, 0.9890000224113464, 0.9825000166893005, 0.9704999923706055, 0.9645000100135803, 0.9785000085830688, 0.9629999995231628, 0.9614999890327454, 0.9614999890327454, 0.9645000100135803, 0.9825000166893005, 0.9589999914169312, 0.9670000076293945, 0.9555000066757202, 0.9624999761581421, 0.9825000166893005, 0.9819999933242798, 0.9620000123977661, 0.9639999866485596, 0.9649999737739563, 0.9430000185966492, 0.9714999794960022, 0.9879999756813049, 0.9789999723434448, 0.968999981880188, 0.9779999852180481, 0.9850000143051147, 0.9700000286102295, 0.9649999737739563, 0.965499997138977, 0.9704999923706055]
Validation F1: [0.7452900458357543, 0.7514000394329214, 0.7634461790106908, 0.7677824685235856, 0.9234221286466767, 0.950357821371389, 0.9505841560628543, 0.9385478034614095, 0.9590064419306552, 0.9704937297015417, 0.9649524537691987, 0.9674415331335819, 0.967918097994627, 0.9628353639117457, 0.970946651890989, 0.9729624704386698, 0.9617492303206883, 0.9805053841628835, 0.954085860554362, 0.9679100529757172, 0.9709352690916859, 0.9820054827926744, 0.9668863499455997, 0.9647905448610797, 0.9653562451254074, 0.9764991181472837, 0.9749690957272521, 0.9799875865393949, 0.9754801160734903, 0.9709207640095076, 0.9784819270633018, 0.9628232979861807, 0.9759695768665363, 0.9729492093314, 0.9915068172497611, 0.9622930753300692, 0.9814984070541106, 0.9566443651664641, 0.9890075851107049, 0.9824945120167227, 0.9704301610878019, 0.9642917827644205, 0.9784820321538953, 0.9627588404813878, 0.9612826637824835, 0.9612726678076691, 0.9642433949805416, 0.9824958418106724, 0.958715967340155, 0.9668810255177763, 0.9551532912423205, 0.962278172648349, 0.9824958418106724, 0.9819945509985664, 0.9617978847378549, 0.9637689199662232, 0.9648482623239701, 0.9420765727370899, 0.9714395321748052, 0.9880077995247554, 0.9789875161414734, 0.9689392163476923, 0.9779796893840637, 0.9850007365867124, 0.9699181794502693, 0.9648511479128546, 0.9653542843856808, 0.9704150624389231]
Validation Precision: [0.7244043232647418, 0.7330355014150363, 0.7449164752638312, 0.7415062687059978, 0.9275057201782021, 0.9559871373534264, 0.951439065272809, 0.944791332287891, 0.9602397183562894, 0.9716075777269806, 0.9667082137576639, 0.968902246124644, 0.9707022086824066, 0.9663378692970456, 0.9726147599734664, 0.9743127922771434, 0.9676553598766912, 0.9806756109259565, 0.9604938921370377, 0.9702483090906657, 0.9736550385142082, 0.9821211638768296, 0.9694644464446445, 0.9700781805259416, 0.9685436007958601, 0.9765998058794493, 0.9760886763314275, 0.9805590872786218, 0.9762731654540928, 0.9738414169255086, 0.9792138225587265, 0.9664317820993937, 0.9770111580611235, 0.9744308103559626, 0.991626497293335, 0.9663175953840596, 0.981869970699145, 0.9624994294582137, 0.9890423304353654, 0.9828419476243321, 0.9731291558999998, 0.9695855939538517, 0.9792993541478695, 0.9685014264138279, 0.965379022881076, 0.9655548601771136, 0.9695855939538517, 0.9829035046934789, 0.9636743517340532, 0.969610749670451, 0.9607792985335716, 0.9665785415962096, 0.9829035046934789, 0.9824458696394295, 0.9656799706681434, 0.9693538676046519, 0.9681504714023457, 0.9530247142203994, 0.9732141316624737, 0.9880257490308224, 0.979695758311751, 0.9711878808206161, 0.9788578031393483, 0.9852231931008926, 0.9720477218721294, 0.9680192898575083, 0.9684852526323685, 0.9726485549779195]
Validation Recall: [0.7795, 0.7845, 0.797, 0.801, 0.923, 0.95, 0.9505, 0.939, 0.959, 0.9705, 0.965, 0.9675, 0.968, 0.963, 0.971, 0.973, 0.962, 0.9805, 0.9545, 0.968, 0.971, 0.982, 0.967, 0.965, 0.9655, 0.9765, 0.975, 0.98, 0.9755, 0.971, 0.9785, 0.963, 0.976, 0.973, 0.9915, 0.9625, 0.9815, 0.957, 0.989, 0.9825, 0.9705, 0.9645, 0.9785, 0.963, 0.9615, 0.9615, 0.9645, 0.9825, 0.959, 0.967, 0.9555, 0.9625, 0.9825, 0.982, 0.962, 0.964, 0.965, 0.943, 0.9715, 0.988, 0.979, 0.969, 0.978, 0.985, 0.97, 0.965, 0.9655, 0.9705]
Validation Loss Min: 0.0579
Validation Accuracy Max: 0.9915
Validation F1 Max: 0.9915

--- MODEL CONFIGURATION ---
FIRST LAYER NODES: 64
HIDDEN LAYERS: 3
PATIENCE: 15
MAX EPOCHS: 100
EPOCHS RUN: 67

--- CLASSIFICATION REPORT ---
              precision    recall  f1-score   support

           0       1.00      1.00      1.00       300
           1       0.96      0.97      0.97       200
           2       0.99      0.99      0.99       200
           3       0.96      0.96      0.96       200
           4       0.99      0.99      0.99       100

    accuracy                           0.98      1000
   macro avg       0.98      0.98      0.98      1000
weighted avg       0.98      0.98      0.98      1000

VALIDATION MACRO F1: 0.9823
