PARAMS: {'batch_size': 32, 'learning_rate': 0.01, 'dropout_rate': 0.3, 'n_hidden_layers': 3, 'first_layer_nodes': 128, 'epochs': 100, 'patience': 15}
ACCURACY:  0.9550
F1 SCORE:  0.9549
MACRO F1-SCORE: 0.9560
PRECISION: 0.9578
RECALL:    0.9550
TEST LOSS: 0.1228
Validation Loss: [0.3126591145992279, 0.2147323191165924, 0.21767917275428772, 0.36611461639404297, 0.14912967383861542, 0.22872298955917358, 0.1749144196510315, 0.13393449783325195, 0.11325829476118088, 0.16120371222496033, 0.15671204030513763, 0.20491579174995422, 0.29816871881484985, 0.19956693053245544, 0.14807412028312683, 0.29403048753738403, 0.2606383264064789, 0.2524412274360657, 0.26949429512023926, 0.2560409903526306, 0.42809826135635376, 0.2726765275001526, 0.3526858389377594, 0.18073208630084991]
Validation Accuracy: [0.8859999775886536, 0.9210000038146973, 0.9039999842643738, 0.8884999752044678, 0.9505000114440918, 0.8884999752044678, 0.9445000290870667, 0.9440000057220459, 0.9545000195503235, 0.9315000176429749, 0.9384999871253967, 0.9375, 0.8939999938011169, 0.9100000262260437, 0.9355000257492065, 0.8565000295639038, 0.8914999961853027, 0.8995000123977661, 0.9049999713897705, 0.9014999866485596, 0.8330000042915344, 0.9240000247955322, 0.8774999976158142, 0.9225000143051147]
Validation F1: [0.8870242403806013, 0.9189000524696291, 0.9000057676310651, 0.8805620354256527, 0.9499758188094863, 0.8798088686303622, 0.9438078851012727, 0.9432335517647853, 0.9540814373912463, 0.9299621346321103, 0.9373456446286815, 0.9366295404473509, 0.887791944896815, 0.9060070788953833, 0.9342601166991307, 0.8368388942649456, 0.8915954946722497, 0.893764004235371, 0.9029081032526041, 0.8967649235917703, 0.8329106243732499, 0.9221025616071991, 0.8726788935299883, 0.9219932093791081]
Validation Precision: [0.8964135343239963, 0.937791074368575, 0.9280768155508783, 0.9232792436407017, 0.9576517757868058, 0.926231816697123, 0.9540996699669967, 0.9536035932070027, 0.9607610450664915, 0.946469696969697, 0.9500641068898037, 0.9494561869304222, 0.9267676102730981, 0.9338726196761826, 0.9482837568241456, 0.9148194164625899, 0.9244715335877124, 0.9285485448140316, 0.9259023888850766, 0.9283369433235829, 0.8788565460926122, 0.9413008283114311, 0.9091831817529703, 0.9395186521222065]
Validation Recall: [0.886, 0.921, 0.904, 0.8885, 0.9505, 0.8885, 0.9445, 0.944, 0.9545, 0.9315, 0.9385, 0.9375, 0.894, 0.91, 0.9355, 0.8565, 0.8915, 0.8995, 0.905, 0.9015, 0.833, 0.924, 0.8775, 0.9225]
Validation Loss Min: 0.1133
Validation Accuracy Max: 0.9545
Validation F1 Max: 0.9541

--- MODEL CONFIGURATION ---
FIRST LAYER NODES: 128
HIDDEN LAYERS: 3
PATIENCE: 15
MAX EPOCHS: 100
EPOCHS RUN: 23

--- CLASSIFICATION REPORT ---
              precision    recall  f1-score   support

           0       1.00      0.98      0.99       300
           1       0.96      0.84      0.90       200
           2       0.98      0.99      0.99       200
           3       0.86      0.97      0.91       200
           4       0.98      0.99      0.99       100

    accuracy                           0.95      1000
   macro avg       0.96      0.96      0.95      1000
weighted avg       0.96      0.95      0.95      1000

VALIDATION MACRO F1: 0.9536
