PARAMS: {'batch_size': 128, 'learning_rate': 0.001, 'dropout_rate': 0.2, 'n_hidden_layers': 2, 'first_layer_nodes': 128, 'epochs': 100, 'patience': 15}
ACCURACY:  0.9840
F1 SCORE:  0.9840
MACRO F1-SCORE: 0.9820
PRECISION: 0.9842
RECALL:    0.9840
TEST LOSS: 0.0834
Validation Loss: [0.602981686592102, 0.44185009598731995, 0.31961995363235474, 0.2608547508716583, 0.19705983996391296, 0.158156156539917, 0.13397939503192902, 0.1181747242808342, 0.10783874988555908, 0.09674657136201859, 0.1073254868388176, 0.09787817299365997, 0.08629291504621506, 0.07945679873228073, 0.07972344756126404, 0.08263809978961945, 0.11921927332878113, 0.0727909728884697, 0.07652391493320465, 0.06976296752691269, 0.06821511685848236, 0.06722379475831985, 0.06748214364051819, 0.07180354744195938, 0.1051626205444336, 0.07459750771522522, 0.07556181401014328, 0.06690669804811478, 0.06282226741313934, 0.06584537774324417, 0.11219839751720428, 0.06451902538537979, 0.06888297200202942, 0.06616180390119553, 0.06588771194219589, 0.06739261746406555, 0.06484493613243103, 0.08149635046720505, 0.063348688185215, 0.06464024633169174, 0.06655483692884445, 0.06850647926330566, 0.07009876519441605, 0.07904879748821259]
Validation Accuracy: [0.7695000171661377, 0.7914999723434448, 0.8769999742507935, 0.906499981880188, 0.8945000171661377, 0.9605000019073486, 0.9679999947547913, 0.9695000052452087, 0.9710000157356262, 0.9750000238418579, 0.9574999809265137, 0.9589999914169312, 0.9829999804496765, 0.9725000262260437, 0.9664999842643738, 0.9639999866485596, 0.9514999985694885, 0.9800000190734863, 0.9649999737739563, 0.9764999747276306, 0.9794999957084656, 0.9785000085830688, 0.9775000214576721, 0.968999981880188, 0.9539999961853027, 0.9670000076293945, 0.9629999995231628, 0.9785000085830688, 0.9884999990463257, 0.9825000166893005, 0.9564999938011169, 0.984499990940094, 0.9700000286102295, 0.9745000004768372, 0.9865000247955322, 0.9704999923706055, 0.9819999933242798, 0.9624999761581421, 0.9860000014305115, 0.965499997138977, 0.9700000286102295, 0.9649999737739563, 0.9664999842643738, 0.9629999995231628]
Validation F1: [0.736602613039838, 0.7586847032880587, 0.8772072894549311, 0.906717254045549, 0.8936412331833757, 0.9605308132250022, 0.9680565911813372, 0.9695652563208133, 0.9709724113304165, 0.9749925418028824, 0.9571881073735948, 0.9587292147316462, 0.9830209253573137, 0.9724961838776424, 0.9663911245411507, 0.9638442330371697, 0.9509399825397021, 0.9800122119541702, 0.9648677338530647, 0.9764887167130373, 0.9795093337787043, 0.9784854647610309, 0.9774850742275621, 0.9689109408122972, 0.9535883299012718, 0.9668810255177763, 0.9627588404813878, 0.9784891915290461, 0.9885040793638042, 0.9825121641093123, 0.956108931427647, 0.9845019744900533, 0.969909379045996, 0.9744651225597616, 0.986505582742449, 0.9704150624389231, 0.9819995712576308, 0.962278172648349, 0.9860020546926156, 0.9653008624432915, 0.969909379045996, 0.9647905448610797, 0.9663739563322652, 0.9627883380114077]
Validation Precision: [0.7149727933803826, 0.7856120458077555, 0.8848519808684105, 0.9308739027435855, 0.9021578501632157, 0.9615497555297088, 0.9696534786605364, 0.9707836560545021, 0.9727313256187496, 0.9761931811865774, 0.9625453783194061, 0.9635549009259875, 0.9830821998456003, 0.9729989770888848, 0.9690323922295354, 0.9671328762807044, 0.9601394075680437, 0.9800760740786929, 0.9677735604444379, 0.9771366213744642, 0.9795928975475007, 0.9792502765769535, 0.978247459675545, 0.9710920955442037, 0.9600061586346235, 0.969610749670451, 0.9685014264138279, 0.979141025558439, 0.9885619669769985, 0.982827861793379, 0.9624538036581594, 0.9847306065288026, 0.9722404399401339, 0.9755703672908177, 0.9870726710082744, 0.9726485549779195, 0.9822884515981531, 0.9665785415962096, 0.9861660760514694, 0.97044265850236, 0.9722404399401339, 0.9700781805259416, 0.9692104381481884, 0.9669583355490106]
Validation Recall: [0.7695, 0.7915, 0.877, 0.9065, 0.8945, 0.9605, 0.968, 0.9695, 0.971, 0.975, 0.9575, 0.959, 0.983, 0.9725, 0.9665, 0.964, 0.9515, 0.98, 0.965, 0.9765, 0.9795, 0.9785, 0.9775, 0.969, 0.954, 0.967, 0.963, 0.9785, 0.9885, 0.9825, 0.9565, 0.9845, 0.97, 0.9745, 0.9865, 0.9705, 0.982, 0.9625, 0.986, 0.9655, 0.97, 0.965, 0.9665, 0.963]
Validation Loss Min: 0.0628
Validation Accuracy Max: 0.9885
Validation F1 Max: 0.9885

--- MODEL CONFIGURATION ---
FIRST LAYER NODES: 128
HIDDEN LAYERS: 2
PATIENCE: 15
MAX EPOCHS: 100
EPOCHS RUN: 43

--- CLASSIFICATION REPORT ---
              precision    recall  f1-score   support

           0       1.00      0.99      0.99       300
           1       0.96      0.99      0.97       200
           2       0.99      0.99      0.99       200
           3       0.98      0.95      0.97       200
           4       0.98      0.99      0.99       100

    accuracy                           0.98      1000
   macro avg       0.98      0.98      0.98      1000
weighted avg       0.98      0.98      0.98      1000

VALIDATION MACRO F1: 0.9883
