PARAMS: {'batch_size': 64, 'learning_rate': 0.01, 'dropout_rate': 0.2, 'n_hidden_layers': 2, 'first_layer_nodes': 256, 'epochs': 100, 'patience': 15}
ACCURACY:  0.9780
F1 SCORE:  0.9780
MACRO F1-SCORE: 0.9780
PRECISION: 0.9783
RECALL:    0.9780
TEST LOSS: 0.0759
Validation Loss: [0.22783301770687103, 0.1650664061307907, 0.21004939079284668, 0.11212289333343506, 0.08391811698675156, 0.08010867983102798, 0.11669124662876129, 0.1134350597858429, 0.09315677732229233, 0.11627022922039032, 0.0959077700972557, 0.08231303840875626, 0.08463329076766968, 0.08116880804300308, 0.10997980833053589, 0.12539155781269073, 0.11527740955352783, 0.10571006685495377, 0.14071451127529144, 0.1883486658334732, 0.08010010421276093, 0.09420303255319595, 0.2309708297252655, 0.07493111491203308, 0.10290417820215225, 0.12815164029598236, 0.1364298015832901, 0.12866543233394623, 0.09372064471244812, 0.18350285291671753, 0.07895058393478394, 0.16418680548667908, 0.08251818269491196, 0.15552479028701782, 0.1248757392168045, 0.13317038118839264, 0.10355885326862335, 0.08438115566968918, 0.0721026062965393, 0.08136457204818726, 0.08493377268314362, 0.13379912078380585, 0.11098945885896683, 0.12823447585105896, 0.10691805928945541, 0.16202925145626068, 0.14910845458507538, 0.07833435386419296, 0.12234470248222351, 0.09463139623403549, 0.1014946922659874, 0.1119038462638855, 0.1327175498008728, 0.12352447211742401]
Validation Accuracy: [0.9294999837875366, 0.9269999861717224, 0.8989999890327454, 0.9570000171661377, 0.9800000190734863, 0.9764999747276306, 0.9465000033378601, 0.9445000290870667, 0.9614999890327454, 0.9440000057220459, 0.9580000042915344, 0.9760000109672546, 0.9714999794960022, 0.9649999737739563, 0.9545000195503235, 0.9424999952316284, 0.9599999785423279, 0.9549999833106995, 0.9350000023841858, 0.9110000133514404, 0.9664999842643738, 0.9580000042915344, 0.9319999814033508, 0.968999981880188, 0.9549999833106995, 0.9394999742507935, 0.940500020980835, 0.9760000109672546, 0.9670000076293945, 0.9369999766349792, 0.9710000157356262, 0.9200000166893005, 0.965499997138977, 0.9419999718666077, 0.9434999823570251, 0.9384999871253967, 0.953499972820282, 0.9639999866485596, 0.9664999842643738, 0.9605000019073486, 0.9614999890327454, 0.940500020980835, 0.9505000114440918, 0.9424999952316284, 0.9514999985694885, 0.9350000023841858, 0.9470000267028809, 0.9704999923706055, 0.953499972820282, 0.9599999785423279, 0.9574999809265137, 0.953000009059906, 0.9480000138282776, 0.9509999752044678]
Validation F1: [0.928144236583417, 0.9255420622107293, 0.8932079069187638, 0.957026422631384, 0.9800074347525379, 0.9764960019410768, 0.946036564249967, 0.943654369611151, 0.9612568876677222, 0.9429972186056587, 0.9577048509855404, 0.9759823264517256, 0.9714482417468221, 0.9648926018719693, 0.9541792461026684, 0.9415191056629305, 0.9600055619523388, 0.9545793868015917, 0.9334873208701656, 0.9070887525824948, 0.9664027732595147, 0.9578555042273817, 0.9302519209702826, 0.9689032982873134, 0.9546335310282787, 0.9384393490581946, 0.9395931090052488, 0.9759904851781578, 0.9669148865902251, 0.9356674214990159, 0.9709851615074658, 0.920492371063389, 0.9653562451254074, 0.9410520728301459, 0.9428362448805951, 0.9374902264417754, 0.9530118095672394, 0.9638182233344139, 0.9663627149664401, 0.960263224965882, 0.9612944795855941, 0.9394344453873491, 0.94992074216783, 0.9415479016966389, 0.9509589517478255, 0.9336837811788364, 0.9462728237960603, 0.970421752588104, 0.9530302420497956, 0.9597048404742515, 0.9571534753010681, 0.9525130474705802, 0.9473173998854186, 0.950419504264489]
Validation Precision: [0.9419026306979368, 0.9409320958212691, 0.9293477442982393, 0.9584034326504852, 0.9801878774235422, 0.9775539208635343, 0.9529581888276459, 0.9540042751204195, 0.9658235321090402, 0.9560582605563182, 0.9628100910895159, 0.976800480709319, 0.9729553504887363, 0.9680300521545394, 0.9592678158876843, 0.9529557923521277, 0.9610619946091644, 0.9612487785689058, 0.9487423837431309, 0.9351145567260134, 0.9687124210431528, 0.9620161351797739, 0.9469508725105741, 0.9721706622032666, 0.9608706071546816, 0.9505317582140217, 0.9507179211795982, 0.9766993609227652, 0.9696879636681616, 0.9497713361387083, 0.972503084125874, 0.9399580998991135, 0.9685436007958601, 0.9522128181962283, 0.953452640899015, 0.9502510738831615, 0.960332988753642, 0.967614418820623, 0.9694309339350291, 0.9646831845263725, 0.965495063673096, 0.9515024435178463, 0.9581100947783985, 0.9527857547659528, 0.9587982607784589, 0.9487577920417045, 0.9557419271338898, 0.9725658098401254, 0.96019045744895, 0.9649919778238077, 0.9630404046095006, 0.9598404021815519, 0.956412234964441, 0.9586026813504884]
Validation Recall: [0.9295, 0.927, 0.899, 0.957, 0.98, 0.9765, 0.9465, 0.9445, 0.9615, 0.944, 0.958, 0.976, 0.9715, 0.965, 0.9545, 0.9425, 0.96, 0.955, 0.935, 0.911, 0.9665, 0.958, 0.932, 0.969, 0.955, 0.9395, 0.9405, 0.976, 0.967, 0.937, 0.971, 0.92, 0.9655, 0.942, 0.9435, 0.9385, 0.9535, 0.964, 0.9665, 0.9605, 0.9615, 0.9405, 0.9505, 0.9425, 0.9515, 0.935, 0.947, 0.9705, 0.9535, 0.96, 0.9575, 0.953, 0.948, 0.951]
Validation Loss Min: 0.0721
Validation Accuracy Max: 0.9800
Validation F1 Max: 0.9800

--- MODEL CONFIGURATION ---
FIRST LAYER NODES: 256
HIDDEN LAYERS: 2
PATIENCE: 15
MAX EPOCHS: 100
EPOCHS RUN: 53

--- CLASSIFICATION REPORT ---
              precision    recall  f1-score   support

           0       1.00      1.00      1.00       300
           1       0.96      0.94      0.95       200
           2       1.00      0.99      1.00       200
           3       0.93      0.96      0.95       200
           4       0.99      0.99      0.99       100

    accuracy                           0.98      1000
   macro avg       0.98      0.98      0.98      1000
weighted avg       0.98      0.98      0.98      1000

VALIDATION MACRO F1: 0.9662
