PARAMS: {'batch_size': 128, 'learning_rate': 0.001, 'dropout_rate': 0.4, 'n_hidden_layers': 3, 'first_layer_nodes': 64, 'epochs': 100, 'patience': 15}
ACCURACY:  0.9840
F1 SCORE:  0.9840
MACRO F1-SCORE: 0.9820
PRECISION: 0.9841
RECALL:    0.9840
TEST LOSS: 0.0760
Validation Loss: [1.287057638168335, 0.6540970802307129, 0.5383901596069336, 0.4858562648296356, 0.45522624254226685, 0.41245120763778687, 0.39155682921409607, 0.3497338593006134, 0.27262023091316223, 0.21171124279499054, 0.17716851830482483, 0.14718052744865417, 0.14669309556484222, 0.1296660602092743, 0.12894605100154877, 0.10073593258857727, 0.1048516258597374, 0.09249937534332275, 0.08870571851730347, 0.09741271287202835, 0.09330088645219803, 0.08848609030246735, 0.08747579157352448, 0.08492805063724518, 0.08170025795698166, 0.08316752314567566, 0.07856453210115433, 0.07983595877885818, 0.0765388160943985, 0.0819295272231102, 0.07345706224441528, 0.07472146302461624, 0.07135077565908432, 0.07466636598110199, 0.07071399688720703, 0.08648806810379028, 0.07447212934494019, 0.08582813292741776, 0.10696575045585632, 0.07162149250507355, 0.07102803885936737, 0.06986726075410843, 0.0781189352273941, 0.0697394609451294, 0.06233610212802887, 0.07672258466482162, 0.06958979368209839, 0.0688822865486145, 0.06446392834186554, 0.09131985902786255, 0.06535513699054718, 0.07219118624925613, 0.05848271772265434, 0.06859693676233292, 0.073714978992939, 0.06304100900888443, 0.07389367371797562, 0.06462273746728897, 0.0667249783873558, 0.06108031049370766, 0.06332340091466904, 0.06426180154085159, 0.06861093640327454, 0.08308249711990356, 0.06040726974606514, 0.06821922957897186, 0.06555154919624329, 0.06995691359043121]
Validation Accuracy: [0.5665000081062317, 0.7829999923706055, 0.7879999876022339, 0.7889999747276306, 0.800000011920929, 0.8075000047683716, 0.8015000224113464, 0.8479999899864197, 0.8849999904632568, 0.9304999709129333, 0.9509999752044678, 0.9679999947547913, 0.953499972820282, 0.9639999866485596, 0.9455000162124634, 0.9605000019073486, 0.9714999794960022, 0.9789999723434448, 0.9660000205039978, 0.972000002861023, 0.9635000228881836, 0.9884999990463257, 0.9700000286102295, 0.9635000228881836, 0.9769999980926514, 0.968999981880188, 0.972000002861023, 0.9674999713897705, 0.968999981880188, 0.9649999737739563, 0.9729999899864197, 0.9735000133514404, 0.9695000052452087, 0.9745000004768372, 0.9750000238418579, 0.9635000228881836, 0.9704999923706055, 0.9629999995231628, 0.9539999961853027, 0.9714999794960022, 0.9785000085830688, 0.9735000133514404, 0.9660000205039978, 0.9714999794960022, 0.9804999828338623, 0.9710000157356262, 0.9725000262260437, 0.9735000133514404, 0.9915000200271606, 0.9614999890327454, 0.9815000295639038, 0.9695000052452087, 0.984000027179718, 0.9909999966621399, 0.965499997138977, 0.9869999885559082, 0.9670000076293945, 0.9760000109672546, 0.9764999747276306, 0.9785000085830688, 0.9779999852180481, 0.9789999723434448, 0.965499997138977, 0.9635000228881836, 0.9764999747276306, 0.9695000052452087, 0.9704999923706055, 0.972000002861023]
Validation F1: [0.4633765036659288, 0.7499546879728338, 0.7551714217656714, 0.7556421376841631, 0.7663358489854423, 0.7742339581701935, 0.7681145421876967, 0.8132749531447279, 0.8842446306448514, 0.9303773043641032, 0.9511282543011405, 0.9680788191915812, 0.9535474508508107, 0.9639224053822384, 0.9447624603665596, 0.9603448612736427, 0.9714721062803519, 0.9790219252909101, 0.9659183334640841, 0.9720057035541262, 0.9633122441315617, 0.9885088230140456, 0.969921813994569, 0.9633462836268242, 0.9770141454438253, 0.9689067644827218, 0.9719440233998391, 0.9674039891538719, 0.9689735272554322, 0.9648602603344698, 0.9729492093314, 0.9734796731401193, 0.96941941735361, 0.9744587448098794, 0.974966826141012, 0.9633122441315617, 0.9704232829000901, 0.9628246649324969, 0.9535929962711468, 0.97143359287491, 0.9784820321538953, 0.9734562841251627, 0.9658550072220666, 0.97143359287491, 0.9804899699788605, 0.9709195517093229, 0.9724427854964983, 0.9734562841251627, 0.9915060215944743, 0.9612726678076691, 0.9814991303036676, 0.9694125891287574, 0.9839990716947483, 0.9910047579566015, 0.9653008624432915, 0.9870030636014646, 0.9668863499455997, 0.9759687426353709, 0.9764717251853942, 0.9784820321538953, 0.9779796893840637, 0.97898422685769, 0.9653008624432915, 0.9633078234911042, 0.9764717251853942, 0.9694698861554782, 0.9704665976624829, 0.9719159370012842]
Validation Precision: [0.5018276287883473, 0.7314189310430933, 0.7402419438127653, 0.7377684742371109, 0.7479071238661913, 0.7478478956671286, 0.7416867587157062, 0.7905970248593963, 0.8934630194306572, 0.9346346523143718, 0.9520373062015504, 0.9697506006873687, 0.9542915378698307, 0.9663810532687651, 0.9541147689007196, 0.9631786695337365, 0.9724669310157995, 0.979141612742658, 0.9678257585890485, 0.9728713910423477, 0.967086480223581, 0.9885497438632752, 0.9719161928579421, 0.9666451427782902, 0.9771158801074712, 0.97122862916517, 0.9736332916695689, 0.969841319650882, 0.9703296969083356, 0.967922133615508, 0.9744308103559626, 0.9742836369817185, 0.9715551353000393, 0.9758205580351493, 0.9761863243257753, 0.967086480223581, 0.9732232852829868, 0.9664929365813484, 0.9598880747613545, 0.9732893356347515, 0.9792993541478695, 0.9749015687040615, 0.96903618736795, 0.9732893356347515, 0.9810852861662642, 0.973969963875207, 0.974125878241659, 0.9749015687040615, 0.9915198760524432, 0.9655548601771136, 0.9819231846189745, 0.9716373190228633, 0.9842889510986527, 0.991014850559234, 0.97044265850236, 0.9871177330241067, 0.9694644464446445, 0.9771108886462, 0.9775447525650108, 0.9792993541478695, 0.9788578031393483, 0.9797428631490436, 0.97044265850236, 0.9671683993193754, 0.9775447525650108, 0.9710947173952283, 0.9720750374697327, 0.975086715315862]
Validation Recall: [0.5665, 0.783, 0.788, 0.789, 0.8, 0.8075, 0.8015, 0.848, 0.885, 0.9305, 0.951, 0.968, 0.9535, 0.964, 0.9455, 0.9605, 0.9715, 0.979, 0.966, 0.972, 0.9635, 0.9885, 0.97, 0.9635, 0.977, 0.969, 0.972, 0.9675, 0.969, 0.965, 0.973, 0.9735, 0.9695, 0.9745, 0.975, 0.9635, 0.9705, 0.963, 0.954, 0.9715, 0.9785, 0.9735, 0.966, 0.9715, 0.9805, 0.971, 0.9725, 0.9735, 0.9915, 0.9615, 0.9815, 0.9695, 0.984, 0.991, 0.9655, 0.987, 0.967, 0.976, 0.9765, 0.9785, 0.978, 0.979, 0.9655, 0.9635, 0.9765, 0.9695, 0.9705, 0.972]
Validation Loss Min: 0.0585
Validation Accuracy Max: 0.9915
Validation F1 Max: 0.9915

--- MODEL CONFIGURATION ---
FIRST LAYER NODES: 64
HIDDEN LAYERS: 3
PATIENCE: 15
MAX EPOCHS: 100
EPOCHS RUN: 67

--- CLASSIFICATION REPORT ---
              precision    recall  f1-score   support

           0       1.00      1.00      1.00       300
           1       0.96      0.97      0.97       200
           2       0.99      0.99      0.99       200
           3       0.97      0.96      0.96       200
           4       0.99      0.99      0.99       100

    accuracy                           0.98      1000
   macro avg       0.98      0.98      0.98      1000
weighted avg       0.98      0.98      0.98      1000

VALIDATION MACRO F1: 0.9838
