PARAMS: {'batch_size': 64, 'learning_rate': 0.01, 'dropout_rate': 0.3, 'n_hidden_layers': 3, 'first_layer_nodes': 256, 'epochs': 100, 'patience': 15}
ACCURACY:  0.9750
F1 SCORE:  0.9750
MACRO F1-SCORE: 0.9740
PRECISION: 0.9752
RECALL:    0.9750
TEST LOSS: 0.1068
Validation Loss: [0.2104547768831253, 0.2044462114572525, 0.1422179937362671, 0.15954649448394775, 0.2517639696598053, 0.1561463475227356, 0.13862766325473785, 0.13573318719863892, 0.2527479827404022, 0.16952040791511536, 0.22313548624515533, 0.17567773163318634, 0.17306283116340637, 0.1169561967253685, 0.2674964666366577, 0.26154154539108276, 0.11734871566295624, 0.198908269405365, 0.3633931875228882, 0.18866539001464844, 0.15508446097373962, 0.2511976361274719, 0.26356613636016846, 0.09290938079357147, 0.12827056646347046, 0.12407803535461426, 0.11421912163496017, 0.11414536088705063, 0.2651510536670685, 0.2823903262615204, 0.2087337225675583, 0.25799015164375305, 0.28663623332977295, 0.23268045485019684, 0.22500497102737427, 0.17362260818481445, 0.14249694347381592, 0.11692682653665543, 0.12584398686885834]
Validation Accuracy: [0.9645000100135803, 0.890500009059906, 0.9585000276565552, 0.9359999895095825, 0.8665000200271606, 0.9359999895095825, 0.9520000219345093, 0.9495000243186951, 0.8694999814033508, 0.9304999709129333, 0.9144999980926514, 0.9319999814033508, 0.934499979019165, 0.9595000147819519, 0.9244999885559082, 0.9279999732971191, 0.9549999833106995, 0.906499981880188, 0.8939999938011169, 0.925000011920929, 0.9375, 0.9225000143051147, 0.9104999899864197, 0.9729999899864197, 0.9449999928474426, 0.9520000219345093, 0.9649999737739563, 0.9509999752044678, 0.9020000100135803, 0.9259999990463257, 0.9409999847412109, 0.9054999947547913, 0.9350000023841858, 0.9430000185966492, 0.940500020980835, 0.9624999761581421, 0.9589999914169312, 0.9509999752044678, 0.953499972820282]
Validation F1: [0.96446239782054, 0.8893465542384374, 0.958140922491622, 0.9351605200910864, 0.8540025595722054, 0.9348779225014818, 0.9516487509038113, 0.9488807667705992, 0.8557680654098877, 0.9292433526089092, 0.9109289563495027, 0.9303362639063192, 0.9330752132130121, 0.9595563605467152, 0.9222672086899907, 0.9259007029043206, 0.9546558992357114, 0.9018157634405536, 0.8871635189993836, 0.9228156911963152, 0.9363397639786991, 0.9201880055850334, 0.9065895339234049, 0.9729673978999521, 0.9441516712300693, 0.9515387911853899, 0.9649320196602804, 0.950458219664232, 0.8964588709746579, 0.9238255964174554, 0.9399915197691776, 0.9012196822987318, 0.933641417454011, 0.9426297588386732, 0.939520292950353, 0.9625126595514413, 0.9589978362442784, 0.9504385138123054, 0.9530749924414856]
Validation Precision: [0.9658457559953821, 0.8984355649083573, 0.9653300673102654, 0.9403487916007266, 0.9153524327562311, 0.947974776907667, 0.9593132583698621, 0.9574271199677222, 0.919488165325003, 0.9461178189696982, 0.9369437594454065, 0.9465636469207991, 0.947564957768683, 0.9606673703964345, 0.9418173735193709, 0.9446179479958696, 0.9611188083010997, 0.9330455439640016, 0.9261679990211273, 0.9421027936373757, 0.9496183560149964, 0.9406848942354304, 0.9341774455595594, 0.9741083653080754, 0.9545802284259765, 0.958741532068607, 0.9680407135205201, 0.9582982607784588, 0.9304251668508372, 0.9427080557217733, 0.9516418096120592, 0.9318278878456411, 0.9480159737679343, 0.9528938142427198, 0.9509779660432094, 0.9638461130814763, 0.9629492600422834, 0.9584461109420397, 0.9603403590412586]
Validation Recall: [0.9645, 0.8905, 0.9585, 0.936, 0.8665, 0.936, 0.952, 0.9495, 0.8695, 0.9305, 0.9145, 0.932, 0.9345, 0.9595, 0.9245, 0.928, 0.955, 0.9065, 0.894, 0.925, 0.9375, 0.9225, 0.9105, 0.973, 0.945, 0.952, 0.965, 0.951, 0.902, 0.926, 0.941, 0.9055, 0.935, 0.943, 0.9405, 0.9625, 0.959, 0.951, 0.9535]
Validation Loss Min: 0.0929
Validation Accuracy Max: 0.9730
Validation F1 Max: 0.9730

--- MODEL CONFIGURATION ---
FIRST LAYER NODES: 256
HIDDEN LAYERS: 3
PATIENCE: 15
MAX EPOCHS: 100
EPOCHS RUN: 38

--- CLASSIFICATION REPORT ---
              precision    recall  f1-score   support

           0       1.00      0.98      0.99       300
           1       0.95      0.95      0.95       200
           2       0.98      0.99      0.99       200
           3       0.95      0.95      0.95       200
           4       0.99      0.99      0.99       100

    accuracy                           0.97      1000
   macro avg       0.97      0.98      0.97      1000
weighted avg       0.98      0.97      0.98      1000

VALIDATION MACRO F1: 0.9727
