PARAMS: {'batch_size': 64, 'learning_rate': 0.01, 'dropout_rate': 0.2, 'n_hidden_layers': 2, 'first_layer_nodes': 128, 'epochs': 100, 'patience': 15}
ACCURACY:  0.9850
F1 SCORE:  0.9850
MACRO F1-SCORE: 0.9840
PRECISION: 0.9851
RECALL:    0.9850
TEST LOSS: 0.0865
Validation Loss: [0.16732347011566162, 0.11654216051101685, 0.13020475208759308, 0.1341686248779297, 0.15959304571151733, 0.10877059400081635, 0.09203660488128662, 0.09588818997144699, 0.13270188868045807, 0.07932040095329285, 0.12428382784128189, 0.08210723847150803, 0.08132521063089371, 0.13121360540390015, 0.1299723982810974, 0.1051449403166771, 0.10965664684772491, 0.09318207204341888, 0.09473513811826706, 0.06887250393629074, 0.14657537639141083, 0.12895138561725616, 0.07967609912157059, 0.13172787427902222, 0.13226881623268127, 0.10062083601951599, 0.08260315656661987, 0.1548864096403122, 0.14323937892913818, 0.13843488693237305, 0.13745884597301483, 0.08704406768083572, 0.13136205077171326, 0.1281234472990036, 0.10759405046701431]
Validation Accuracy: [0.9169999957084656, 0.9674999713897705, 0.9409999847412109, 0.9375, 0.925000011920929, 0.9484999775886536, 0.968999981880188, 0.968999981880188, 0.940500020980835, 0.9695000052452087, 0.9415000081062317, 0.9670000076293945, 0.9794999957084656, 0.949999988079071, 0.9495000243186951, 0.9639999866485596, 0.9674999713897705, 0.9580000042915344, 0.9599999785423279, 0.9854999780654907, 0.9340000152587891, 0.9459999799728394, 0.9635000228881836, 0.940500020980835, 0.9419999718666077, 0.9524999856948853, 0.9614999890327454, 0.9390000104904175, 0.9384999871253967, 0.9424999952316284, 0.9424999952316284, 0.9595000147819519, 0.9430000185966492, 0.9459999799728394, 0.9570000171661377]
Validation F1: [0.9153883693544493, 0.9674393042755172, 0.9400541938277436, 0.9366120286784162, 0.9228738997259136, 0.9478873911609108, 0.9689046975607069, 0.9689107993966283, 0.9393954266388324, 0.9694112558821149, 0.9405315357287108, 0.9669759779675388, 0.9795178718166923, 0.9494288826659895, 0.9488588657364642, 0.9639725918889178, 0.9673968618496404, 0.9577738467739191, 0.9597339836450274, 0.9854996532381856, 0.9324114261941778, 0.945201116942749, 0.9632981919449419, 0.9394906705781374, 0.9410752949982344, 0.9519954377143829, 0.9612568876677222, 0.9377997110206829, 0.9374510522263135, 0.9415769823838027, 0.9415496034832358, 0.9592237373286707, 0.9421614582690044, 0.945201116942749, 0.9566394155073371]
Validation Precision: [0.9271624795751634, 0.9691132899533589, 0.9512298663948179, 0.9475106340648767, 0.9418182696403243, 0.9563779738317121, 0.9713414521977736, 0.9712077189989998, 0.9518599742420114, 0.9724314628899269, 0.9517155286957266, 0.9682548689078277, 0.9797696055539988, 0.9574059040767207, 0.9575801434323684, 0.965237503044369, 0.9699367524672338, 0.9617367097179286, 0.9645745554179123, 0.9857550626292968, 0.9481411184768417, 0.955238302107499, 0.96733967015757, 0.9516862448621067, 0.9526433607520565, 0.9594916904939705, 0.9658235321090402, 0.9510079516723602, 0.9494929497914253, 0.9526217311793602, 0.9527005516986424, 0.9642097161899142, 0.9526387164735434, 0.955238302107499, 0.9626792584327855]
Validation Recall: [0.917, 0.9675, 0.941, 0.9375, 0.925, 0.9485, 0.969, 0.969, 0.9405, 0.9695, 0.9415, 0.967, 0.9795, 0.95, 0.9495, 0.964, 0.9675, 0.958, 0.96, 0.9855, 0.934, 0.946, 0.9635, 0.9405, 0.942, 0.9525, 0.9615, 0.939, 0.9385, 0.9425, 0.9425, 0.9595, 0.943, 0.946, 0.957]
Validation Loss Min: 0.0689
Validation Accuracy Max: 0.9855
Validation F1 Max: 0.9855

--- MODEL CONFIGURATION ---
FIRST LAYER NODES: 128
HIDDEN LAYERS: 2
PATIENCE: 15
MAX EPOCHS: 100
EPOCHS RUN: 34

--- CLASSIFICATION REPORT ---
              precision    recall  f1-score   support

           0       1.00      0.99      1.00       300
           1       0.96      0.98      0.97       200
           2       0.99      0.99      0.99       200
           3       0.98      0.96      0.97       200
           4       0.99      0.99      0.99       100

    accuracy                           0.98      1000
   macro avg       0.98      0.98      0.98      1000
weighted avg       0.99      0.98      0.99      1000

VALIDATION MACRO F1: 0.9853
