PARAMS: {'batch_size': 64, 'learning_rate': 0.001, 'dropout_rate': 0.2, 'n_hidden_layers': 2, 'first_layer_nodes': 128, 'epochs': 100, 'patience': 15}
ACCURACY:  0.9840
F1 SCORE:  0.9840
MACRO F1-SCORE: 0.9820
PRECISION: 0.9840
RECALL:    0.9840
TEST LOSS: 0.0739
Validation Loss: [0.4582136273384094, 0.30658313632011414, 0.21266990900039673, 0.15338800847530365, 0.1409037709236145, 0.10818899422883987, 0.10122481733560562, 0.09665675461292267, 0.09256153553724289, 0.08169348537921906, 0.14141620695590973, 0.07536955177783966, 0.072454072535038, 0.07340742647647858, 0.09785038977861404, 0.08179614692926407, 0.08219248801469803, 0.1148863285779953, 0.11790070682764053, 0.06859855353832245, 0.07048088312149048, 0.16304698586463928, 0.12665344774723053, 0.08292007446289062, 0.06574361771345139, 0.06924047321081161, 0.06697721034288406, 0.06329759955406189, 0.0744977816939354, 0.07358931750059128, 0.06133550778031349, 0.11732187867164612, 0.09708241373300552, 0.06305018812417984, 0.06886772066354752, 0.10074114799499512, 0.08035903424024582, 0.06386858969926834, 0.08263034373521805, 0.07041841745376587, 0.07140491157770157, 0.08102384954690933, 0.06869089603424072, 0.08304565399885178, 0.06508276611566544, 0.06167187541723251]
Validation Accuracy: [0.8575000166893005, 0.909500002861023, 0.906499981880188, 0.965499997138977, 0.9430000185966492, 0.9714999794960022, 0.9674999713897705, 0.9639999866485596, 0.9664999842643738, 0.9729999899864197, 0.940500020980835, 0.9785000085830688, 0.9764999747276306, 0.9785000085830688, 0.9580000042915344, 0.968999981880188, 0.9620000123977661, 0.9545000195503235, 0.9524999856948853, 0.9865000247955322, 0.968500018119812, 0.9294999837875366, 0.9524999856948853, 0.9624999761581421, 0.984000027179718, 0.9660000205039978, 0.9710000157356262, 0.9850000143051147, 0.9635000228881836, 0.9639999866485596, 0.9754999876022339, 0.9524999856948853, 0.9589999914169312, 0.9785000085830688, 0.9714999794960022, 0.9580000042915344, 0.9639999866485596, 0.984000027179718, 0.9614999890327454, 0.965499997138977, 0.9660000205039978, 0.9649999737739563, 0.968999981880188, 0.9629999995231628, 0.9815000295639038, 0.9735000133514404]
Validation F1: [0.8579765273814338, 0.9102805604543216, 0.90645779802655, 0.9654538677322776, 0.9430027406273749, 0.9714772634838066, 0.9674683873324129, 0.9639496168332037, 0.9663696959947465, 0.9729583347148172, 0.9393872767712557, 0.9785108476786891, 0.9764757785570073, 0.9784854647610309, 0.9576862753852522, 0.9689124937854556, 0.9617783920720965, 0.9540637483240817, 0.9519959909084621, 0.9865111566340855, 0.9684067481503614, 0.927405379347085, 0.9519785457924798, 0.9622627936742565, 0.9840071911703374, 0.9659865062928534, 0.9709205146847631, 0.9850040312779486, 0.963257602578047, 0.9637689199662232, 0.9754655882376713, 0.9519959909084621, 0.9586792559677602, 0.9785128985475631, 0.9714257406250892, 0.9576856380266847, 0.9637689199662232, 0.9840071911703374, 0.9612568876677222, 0.965359022431129, 0.9658550072220666, 0.9647905448610797, 0.9688972994172192, 0.9627883380114077, 0.9814901355278114, 0.9734511566698518]
Validation Precision: [0.8672521518839752, 0.9159982767810274, 0.9119321996646496, 0.9674503822107029, 0.9450022171573069, 0.9724187010616376, 0.9685278111824236, 0.9658010790523106, 0.9694668276079558, 0.9744138352016474, 0.9531577931988929, 0.9786229608612689, 0.9774879302009056, 0.9792502765769535, 0.9631017751456675, 0.9719388763178369, 0.9660223756948814, 0.9608215672990631, 0.9594164034621617, 0.9865407213349895, 0.9708537186953593, 0.9476506357103371, 0.9608045548924609, 0.96684887773116, 0.9840532140072848, 0.9669808155516234, 0.9730583964122154, 0.9851191053651958, 0.9689940129859178, 0.9693538676046519, 0.9766789108978653, 0.9594164034621617, 0.964259584053869, 0.9785286721008424, 0.9734699768745213, 0.9630331118218205, 0.9693538676046519, 0.9840532140072848, 0.9658235321090402, 0.968414720187598, 0.96903618736795, 0.9700781805259416, 0.9714293390393238, 0.9669583355490106, 0.9820871999341355, 0.9749695833954176]
Validation Recall: [0.8575, 0.9095, 0.9065, 0.9655, 0.943, 0.9715, 0.9675, 0.964, 0.9665, 0.973, 0.9405, 0.9785, 0.9765, 0.9785, 0.958, 0.969, 0.962, 0.9545, 0.9525, 0.9865, 0.9685, 0.9295, 0.9525, 0.9625, 0.984, 0.966, 0.971, 0.985, 0.9635, 0.964, 0.9755, 0.9525, 0.959, 0.9785, 0.9715, 0.958, 0.964, 0.984, 0.9615, 0.9655, 0.966, 0.965, 0.969, 0.963, 0.9815, 0.9735]
Validation Loss Min: 0.0613
Validation Accuracy Max: 0.9865
Validation F1 Max: 0.9865

--- MODEL CONFIGURATION ---
FIRST LAYER NODES: 128
HIDDEN LAYERS: 2
PATIENCE: 15
MAX EPOCHS: 100
EPOCHS RUN: 45

--- CLASSIFICATION REPORT ---
              precision    recall  f1-score   support

           0       1.00      1.00      1.00       300
           1       0.96      0.96      0.96       200
           2       1.00      0.99      1.00       200
           3       0.96      0.96      0.96       200
           4       0.99      0.99      0.99       100

    accuracy                           0.98      1000
   macro avg       0.98      0.98      0.98      1000
weighted avg       0.98      0.98      0.98      1000

VALIDATION MACRO F1: 0.9753
