PARAMS: {'batch_size': 128, 'learning_rate': 0.01, 'dropout_rate': 0.2, 'n_hidden_layers': 2, 'first_layer_nodes': 128, 'epochs': 100, 'patience': 15}
ACCURACY:  0.9840
F1 SCORE:  0.9840
MACRO F1-SCORE: 0.9840
PRECISION: 0.9841
RECALL:    0.9840
TEST LOSS: 0.0839
Validation Loss: [0.2864714562892914, 0.15136031806468964, 0.13548234105110168, 0.10359568893909454, 0.0873049795627594, 0.104750856757164, 0.09514698386192322, 0.1255810558795929, 0.08179590106010437, 0.07829533517360687, 0.07336316257715225, 0.0766095444560051, 0.09589222073554993, 0.07680444419384003, 0.1066436916589737, 0.06696566939353943, 0.08248285949230194, 0.09198896586894989, 0.09448853880167007, 0.08336742222309113, 0.06315000355243683, 0.07192305475473404, 0.10296911746263504, 0.0795082077383995, 0.08420167863368988, 0.09516525268554688, 0.08548466861248016, 0.10778961330652237, 0.09234047681093216, 0.0718950629234314, 0.07556287944316864, 0.08107949793338776, 0.06461269408464432, 0.09394680708646774, 0.19313940405845642, 0.07664184272289276]
Validation Accuracy: [0.8820000290870667, 0.9375, 0.9539999961853027, 0.9815000295639038, 0.9620000123977661, 0.9559999704360962, 0.9614999890327454, 0.9394999742507935, 0.9639999866485596, 0.9674999713897705, 0.9900000095367432, 0.9745000004768372, 0.9624999761581421, 0.9704999923706055, 0.9509999752044678, 0.9704999923706055, 0.9614999890327454, 0.9629999995231628, 0.9660000205039978, 0.9649999737739563, 0.9825000166893005, 0.9800000190734863, 0.9470000267028809, 0.9745000004768372, 0.9754999876022339, 0.9574999809265137, 0.9645000100135803, 0.9555000066757202, 0.9589999914169312, 0.9750000238418579, 0.9635000228881836, 0.9635000228881836, 0.9815000295639038, 0.9589999914169312, 0.9150000214576721, 0.9649999737739563]
Validation F1: [0.8810613988657215, 0.9362476372337596, 0.9539428626625173, 0.9814964649607493, 0.9619828419111494, 0.9556607253045081, 0.9614723850928251, 0.9384011688745832, 0.9638864762490124, 0.9674395753319924, 0.9900046105545888, 0.9744576288416776, 0.9622471797310338, 0.9703856677386669, 0.9504620823837971, 0.9704467842853071, 0.9612679563437098, 0.9627459418276929, 0.9658429641143218, 0.9647905448610797, 0.9825060234326128, 0.9799915229802609, 0.9466236906538954, 0.9744743096463451, 0.9754599799375353, 0.9572136683547419, 0.9642433949805416, 0.9551162518782716, 0.958725423031175, 0.9749814638588922, 0.963257602578047, 0.9634615079246027, 0.9814920894991797, 0.9586933533471067, 0.9114958768872211, 0.9649540575214463]
Validation Precision: [0.8908212226393487, 0.9496111835454482, 0.956242128335796, 0.9820113536359532, 0.963202163895011, 0.9613127834446918, 0.9627381922996487, 0.9508892889381868, 0.9671412768629853, 0.9695759223415061, 0.9900267163074818, 0.9759082295058713, 0.9681430933791054, 0.9733439183599679, 0.9582341622512258, 0.9719482340353954, 0.965643454578809, 0.9686356799511955, 0.9692698407277116, 0.9700781805259416, 0.9826008858457078, 0.980535137714123, 0.9521142546946596, 0.9754795305268633, 0.9768267762375236, 0.9628716110707699, 0.9695855939538517, 0.9612123301398966, 0.9636551805864367, 0.9757143243504299, 0.9689940129859178, 0.9643346486453575, 0.9819225977621912, 0.9640647043427747, 0.9372095444838601, 0.966028250901187]
Validation Recall: [0.882, 0.9375, 0.954, 0.9815, 0.962, 0.956, 0.9615, 0.9395, 0.964, 0.9675, 0.99, 0.9745, 0.9625, 0.9705, 0.951, 0.9705, 0.9615, 0.963, 0.966, 0.965, 0.9825, 0.98, 0.947, 0.9745, 0.9755, 0.9575, 0.9645, 0.9555, 0.959, 0.975, 0.9635, 0.9635, 0.9815, 0.959, 0.915, 0.965]
Validation Loss Min: 0.0632
Validation Accuracy Max: 0.9900
Validation F1 Max: 0.9900

--- MODEL CONFIGURATION ---
FIRST LAYER NODES: 128
HIDDEN LAYERS: 2
PATIENCE: 15
MAX EPOCHS: 100
EPOCHS RUN: 35

--- CLASSIFICATION REPORT ---
              precision    recall  f1-score   support

           0       1.00      0.99      1.00       300
           1       0.96      0.97      0.97       200
           2       0.99      0.99      0.99       200
           3       0.97      0.96      0.97       200
           4       1.00      0.99      0.99       100

    accuracy                           0.98      1000
   macro avg       0.98      0.98      0.98      1000
weighted avg       0.98      0.98      0.98      1000

VALIDATION MACRO F1: 0.9823
