PARAMS: {'batch_size': 32, 'learning_rate': 0.001, 'dropout_rate': 0.4, 'n_hidden_layers': 3, 'first_layer_nodes': 64, 'epochs': 100, 'patience': 15}
ACCURACY:  0.9800
F1 SCORE:  0.9800
MACRO F1-SCORE: 0.9780
PRECISION: 0.9801
RECALL:    0.9800
TEST LOSS: 0.0932
Validation Loss: [0.5926904678344727, 0.49700963497161865, 0.38364002108573914, 0.2627236545085907, 0.16715151071548462, 0.13381783664226532, 0.12945829331874847, 0.11040670424699783, 0.10509850084781647, 0.10048289597034454, 0.10983363538980484, 0.1006392240524292, 0.09443958103656769, 0.0785752683877945, 0.10146800428628922, 0.07476793974637985, 0.06802544742822647, 0.07956482470035553, 0.07824647426605225, 0.08085255324840546, 0.08717954903841019, 0.0918634831905365, 0.07033108174800873, 0.09923330694437027, 0.07483560591936111, 0.08928974717855453, 0.08268632739782333, 0.07850685715675354, 0.07046782970428467, 0.10490301251411438, 0.08694937825202942, 0.07738247513771057]
Validation Accuracy: [0.7724999785423279, 0.7774999737739563, 0.8034999966621399, 0.9585000276565552, 0.9725000262260437, 0.9610000252723694, 0.9585000276565552, 0.9695000052452087, 0.9635000228881836, 0.9570000171661377, 0.9605000019073486, 0.9679999947547913, 0.9660000205039978, 0.9670000076293945, 0.9754999876022339, 0.9815000295639038, 0.9769999980926514, 0.9739999771118164, 0.9710000157356262, 0.9714999794960022, 0.9624999761581421, 0.9629999995231628, 0.9674999713897705, 0.9559999704360962, 0.9735000133514404, 0.9629999995231628, 0.9629999995231628, 0.9645000100135803, 0.9645000100135803, 0.9559999704360962, 0.9605000019073486, 0.9649999737739563]
Validation F1: [0.7409587555372199, 0.7477493505883139, 0.7705836970899098, 0.9583606883261834, 0.9724714763643277, 0.9607571996583499, 0.9584864302179936, 0.9694522130953256, 0.9632201282815399, 0.9566589880411914, 0.9604648841375256, 0.9678809849681254, 0.9658843140107717, 0.9669818090872764, 0.9754949784527904, 0.9814997510398844, 0.9769745406536665, 0.9739567282029188, 0.9709348307782509, 0.971450901730471, 0.962314210641426, 0.9627588404813878, 0.9674106970129542, 0.9555191721866497, 0.9734754715071954, 0.9628028120830515, 0.9628479369100055, 0.9642798990461966, 0.9642798990461966, 0.9556475852688021, 0.9602748188759826, 0.9647905448610797]
Validation Precision: [0.7195810304326452, 0.7263905418081447, 0.744760190872769, 0.962127298289452, 0.9742284809003701, 0.965266058625567, 0.9602780317022058, 0.9716719345430906, 0.968861281032562, 0.962300516947106, 0.9617873647172519, 0.9715000958263995, 0.9686304295959467, 0.9681155920470096, 0.9766250952444981, 0.9816023384115437, 0.9779805167729958, 0.975283477580968, 0.9727967490626614, 0.9730365365125947, 0.9660443207602403, 0.9685014264138279, 0.96947989485672, 0.9634706210959321, 0.9744665619249415, 0.9667012635407687, 0.9659617791702874, 0.9697152535196358, 0.9697152535196358, 0.9614486372202137, 0.9645100257832353, 0.9700781805259416]
Validation Recall: [0.7725, 0.7775, 0.8035, 0.9585, 0.9725, 0.961, 0.9585, 0.9695, 0.9635, 0.957, 0.9605, 0.968, 0.966, 0.967, 0.9755, 0.9815, 0.977, 0.974, 0.971, 0.9715, 0.9625, 0.963, 0.9675, 0.956, 0.9735, 0.963, 0.963, 0.9645, 0.9645, 0.956, 0.9605, 0.965]
Validation Loss Min: 0.0680
Validation Accuracy Max: 0.9815
Validation F1 Max: 0.9815

--- MODEL CONFIGURATION ---
FIRST LAYER NODES: 64
HIDDEN LAYERS: 3
PATIENCE: 15
MAX EPOCHS: 100
EPOCHS RUN: 31

--- CLASSIFICATION REPORT ---
              precision    recall  f1-score   support

           0       1.00      0.99      0.99       300
           1       0.96      0.96      0.96       200
           2       0.99      0.99      0.99       200
           3       0.96      0.96      0.96       200
           4       0.99      0.99      0.99       100

    accuracy                           0.98      1000
   macro avg       0.98      0.98      0.98      1000
weighted avg       0.98      0.98      0.98      1000

VALIDATION MACRO F1: 0.9768
