PARAMS: {'batch_size': 64, 'learning_rate': 0.001, 'dropout_rate': 0.4, 'n_hidden_layers': 2, 'first_layer_nodes': 256, 'epochs': 100, 'patience': 15}
ACCURACY:  0.9840
F1 SCORE:  0.9840
MACRO F1-SCORE: 0.9840
PRECISION: 0.9840
RECALL:    0.9840
TEST LOSS: 0.0716
Validation Loss: [0.4252290427684784, 0.22874456644058228, 0.1865675151348114, 0.1285746544599533, 0.13964268565177917, 0.10018348693847656, 0.0880255326628685, 0.08635967969894409, 0.09256979823112488, 0.08552227914333344, 0.07436113804578781, 0.07814137637615204, 0.07415993511676788, 0.08560311794281006, 0.07693265378475189, 0.08000151813030243, 0.0962425246834755, 0.07427342236042023, 0.08304086327552795, 0.07902134209871292, 0.07604274898767471, 0.069391630589962, 0.07567509263753891, 0.07252433151006699, 0.08345013856887817, 0.06640369445085526, 0.0675254836678505, 0.0707804337143898, 0.06927523016929626, 0.0755826085805893, 0.07803024351596832, 0.06931483000516891, 0.0974145382642746, 0.070212721824646, 0.07028482109308243, 0.06819962710142136, 0.0769680067896843, 0.06457602977752686, 0.07543952018022537, 0.07473461329936981, 0.07797650247812271, 0.08191167563199997, 0.08293042331933975, 0.0806177407503128, 0.07034329324960709, 0.06727845221757889, 0.060655031353235245, 0.06631305813789368, 0.07659588754177094, 0.06275720149278641, 0.08382342755794525, 0.0858171358704567, 0.06490539759397507, 0.06795017421245575, 0.06817622482776642, 0.07019493728876114, 0.0640358105301857, 0.09304051846265793, 0.06103953719139099, 0.060555487871170044, 0.11230765283107758, 0.06652795523405075, 0.06882058829069138, 0.0705181211233139, 0.06685280799865723, 0.07881293445825577, 0.060884907841682434, 0.07755976170301437, 0.10681360214948654, 0.0662970170378685, 0.062104493379592896, 0.12137152999639511, 0.06486092507839203, 0.06034739688038826, 0.09211546182632446, 0.06057024374604225, 0.056806158274412155, 0.07989602535963058, 0.0636582300066948, 0.064080610871315, 0.07250752300024033, 0.058763183653354645, 0.0699215680360794, 0.0767890214920044, 0.07063274830579758, 0.07037848234176636, 0.07143974304199219, 0.06183493882417679, 0.08161758631467819, 0.06366956233978271, 0.057836633175611496, 0.08036115020513535]
Validation Accuracy: [0.8619999885559082, 0.9304999709129333, 0.8964999914169312, 0.9614999890327454, 0.940500020980835, 0.9620000123977661, 0.972000002861023, 0.9664999842643738, 0.9599999785423279, 0.9629999995231628, 0.9789999723434448, 0.9695000052452087, 0.9674999713897705, 0.9670000076293945, 0.9664999842643738, 0.9620000123977661, 0.9559999704360962, 0.9664999842643738, 0.9624999761581421, 0.9695000052452087, 0.9670000076293945, 0.9674999713897705, 0.9649999737739563, 0.965499997138977, 0.9605000019073486, 0.9815000295639038, 0.9794999957084656, 0.9664999842643738, 0.9704999923706055, 0.9635000228881836, 0.9635000228881836, 0.9745000004768372, 0.9564999938011169, 0.968500018119812, 0.9695000052452087, 0.9819999933242798, 0.9629999995231628, 0.9819999933242798, 0.9649999737739563, 0.972000002861023, 0.9624999761581421, 0.9614999890327454, 0.9599999785423279, 0.9629999995231628, 0.9835000038146973, 0.9710000157356262, 0.9739999771118164, 0.9810000061988831, 0.9670000076293945, 0.9785000085830688, 0.9649999737739563, 0.9620000123977661, 0.9829999804496765, 0.968999981880188, 0.972000002861023, 0.9645000100135803, 0.9725000262260437, 0.9570000171661377, 0.9750000238418579, 0.9825000166893005, 0.9524999856948853, 0.9700000286102295, 0.965499997138977, 0.965499997138977, 0.968500018119812, 0.9624999761581421, 0.9760000109672546, 0.968999981880188, 0.9520000219345093, 0.9714999794960022, 0.9819999933242798, 0.9465000033378601, 0.9700000286102295, 0.9819999933242798, 0.9645000100135803, 0.9819999933242798, 0.984000027179718, 0.9624999761581421, 0.9750000238418579, 0.9769999980926514, 0.9660000205039978, 0.9700000286102295, 0.9915000200271606, 0.9635000228881836, 0.9670000076293945, 0.9664999842643738, 0.965499997138977, 0.9819999933242798, 0.9610000252723694, 0.9829999804496765, 0.9825000166893005, 0.9614999890327454]
Validation F1: [0.8617974139602287, 0.9310581971251204, 0.8952189576133477, 0.9614723850928251, 0.9394344453873491, 0.9618048240303276, 0.971975212894152, 0.9663822634211171, 0.959749046535309, 0.9628246649324969, 0.9790007511672018, 0.9694285079165553, 0.967479456193033, 0.9668785628215832, 0.9663822634211171, 0.9617926638384047, 0.9555806638373283, 0.9663627149664401, 0.9624673543928375, 0.9694285079165553, 0.9668810255177763, 0.9674805711839356, 0.9647905448610797, 0.965359022431129, 0.9602509816611879, 0.9814984971172573, 0.9794862782381324, 0.9663627149664401, 0.9704604611868508, 0.9632981919449419, 0.963257602578047, 0.9744587448098794, 0.9561300705595256, 0.9684007006608766, 0.9694125891287574, 0.9819945509985664, 0.9628028120830515, 0.981993355554865, 0.9649541804517474, 0.9719159370012842, 0.962278172648349, 0.9612568876677222, 0.9597347033565025, 0.962798320658015, 0.9834999348671869, 0.9709289231844609, 0.9739550462218218, 0.980991619804126, 0.966840188632398, 0.9784820321538953, 0.9647905448610797, 0.9617676908667524, 0.9829970223890515, 0.9689067644827218, 0.9719342969910535, 0.9644571574738042, 0.9724427854964983, 0.9566443651664641, 0.9749477586185928, 0.9824958418106724, 0.9519954377143829, 0.969909379045996, 0.9653470244206294, 0.9653470244206294, 0.9684007006608766, 0.9622930753300692, 0.9759687426353709, 0.9688874483265802, 0.9514838310674714, 0.9714257406250892, 0.9819945509985664, 0.945725094442099, 0.9699181794502693, 0.9820054827926744, 0.9642917827644205, 0.9819917166279909, 0.9839990716947483, 0.9622930753300692, 0.9749870039936877, 0.9770141454438253, 0.9658108568147286, 0.9699339636361459, 0.9915047836911335, 0.9632981919449419, 0.9669851047296525, 0.9664796459063524, 0.9653008624432915, 0.9819945509985664, 0.9607777197871189, 0.9829970223890515, 0.9824982602923924, 0.9612568876677222]
Validation Precision: [0.8681405805139958, 0.9334997445717392, 0.9045947723162914, 0.9627381922996487, 0.9515024435178463, 0.965658425705537, 0.9729064345640519, 0.9691181630983611, 0.964467974931154, 0.9664929365813484, 0.979380912974711, 0.9719959112772842, 0.9686868263842149, 0.9697327391275713, 0.9691181630983611, 0.9657618191486668, 0.9634706210959321, 0.9694309339350291, 0.9637998011220003, 0.9719959112772842, 0.969610749670451, 0.9686081786190995, 0.9700781805259416, 0.968414720187598, 0.9647981864869203, 0.9818241302480405, 0.9801883448838412, 0.9694309339350291, 0.9716520507713466, 0.96733967015757, 0.9689940129859178, 0.9758205580351493, 0.9621372954407814, 0.9708216397253864, 0.9716373190228633, 0.9824458696394295, 0.9667012635407687, 0.9823812279271464, 0.9666138280019126, 0.975086715315862, 0.9665785415962096, 0.9658235321090402, 0.9645157990651934, 0.9667848370514802, 0.9844114099144229, 0.9736217424720899, 0.9753941552761517, 0.9815367758489001, 0.9714236940935472, 0.9792993541478695, 0.9700781805259416, 0.9662002773913102, 0.9833632193822448, 0.97122862916517, 0.9737573757375737, 0.9660295263183687, 0.974125878241659, 0.9624994294582137, 0.9774610057436626, 0.9829035046934789, 0.9594916904939705, 0.9722404399401339, 0.9686430579744358, 0.9686430579744358, 0.9708216397253864, 0.9663175953840596, 0.9771108886462, 0.9716392396989411, 0.9589401390990663, 0.9734699768745213, 0.9824458696394295, 0.9555691506989042, 0.9720477218721294, 0.9821211638768296, 0.9695855939538517, 0.9825384139836774, 0.9842889510986527, 0.9663175953840596, 0.9756248037625794, 0.9771158801074712, 0.9708086974122961, 0.9723990105212761, 0.9915124626245333, 0.96733967015757, 0.9676071870266804, 0.9676032102360825, 0.97044265850236, 0.9824458696394295, 0.9649125936802597, 0.9833632193822448, 0.9828706328101547, 0.9658235321090402]
Validation Recall: [0.862, 0.9305, 0.8965, 0.9615, 0.9405, 0.962, 0.972, 0.9665, 0.96, 0.963, 0.979, 0.9695, 0.9675, 0.967, 0.9665, 0.962, 0.956, 0.9665, 0.9625, 0.9695, 0.967, 0.9675, 0.965, 0.9655, 0.9605, 0.9815, 0.9795, 0.9665, 0.9705, 0.9635, 0.9635, 0.9745, 0.9565, 0.9685, 0.9695, 0.982, 0.963, 0.982, 0.965, 0.972, 0.9625, 0.9615, 0.96, 0.963, 0.9835, 0.971, 0.974, 0.981, 0.967, 0.9785, 0.965, 0.962, 0.983, 0.969, 0.972, 0.9645, 0.9725, 0.957, 0.975, 0.9825, 0.9525, 0.97, 0.9655, 0.9655, 0.9685, 0.9625, 0.976, 0.969, 0.952, 0.9715, 0.982, 0.9465, 0.97, 0.982, 0.9645, 0.982, 0.984, 0.9625, 0.975, 0.977, 0.966, 0.97, 0.9915, 0.9635, 0.967, 0.9665, 0.9655, 0.982, 0.961, 0.983, 0.9825, 0.9615]
Validation Loss Min: 0.0568
Validation Accuracy Max: 0.9915
Validation F1 Max: 0.9915

--- MODEL CONFIGURATION ---
FIRST LAYER NODES: 256
HIDDEN LAYERS: 2
PATIENCE: 15
MAX EPOCHS: 100
EPOCHS RUN: 91

--- CLASSIFICATION REPORT ---
              precision    recall  f1-score   support

           0       1.00      1.00      1.00       300
           1       0.96      0.97      0.97       200
           2       1.00      0.99      1.00       200
           3       0.96      0.96      0.96       200
           4       0.99      0.99      0.99       100

    accuracy                           0.98      1000
   macro avg       0.98      0.98      0.98      1000
weighted avg       0.98      0.98      0.98      1000

VALIDATION MACRO F1: 0.9838
