PARAMS: {'batch_size': 64, 'learning_rate': 0.001, 'dropout_rate': 0.2, 'n_hidden_layers': 3, 'first_layer_nodes': 64, 'epochs': 100, 'patience': 15}
ACCURACY:  0.9830
F1 SCORE:  0.9830
MACRO F1-SCORE: 0.9820
PRECISION: 0.9830
RECALL:    0.9830
TEST LOSS: 0.0697
Validation Loss: [0.8621724247932434, 0.4642695188522339, 0.3276965618133545, 0.20905648171901703, 0.15731948614120483, 0.11998993158340454, 0.12314395606517792, 0.11919493228197098, 0.08422226458787918, 0.08095107227563858, 0.07704717665910721, 0.07939303666353226, 0.08082824945449829, 0.06703238189220428, 0.08068599551916122, 0.07791264355182648, 0.0874859094619751, 0.06429404020309448, 0.06833257526159286, 0.062264978885650635, 0.061939552426338196, 0.0763368085026741, 0.07507550716400146, 0.07686743140220642, 0.06158081069588661, 0.06673901528120041, 0.061996277421712875, 0.06055270507931709, 0.06051848828792572, 0.06310492008924484, 0.08451227098703384, 0.08877844363451004, 0.06117678061127663, 0.09008095413446426, 0.06721667945384979, 0.058450017124414444, 0.07127106934785843, 0.06073450297117233, 0.054707471281290054, 0.08181747794151306, 0.06961559504270554, 0.06171517074108124, 0.06032755970954895, 0.05750500410795212, 0.05831270292401314, 0.05997370928525925, 0.06084007769823074, 0.057207442820072174, 0.055756114423274994, 0.061046794056892395, 0.061446476727724075, 0.09574325382709503, 0.07862116396427155, 0.060154058039188385]
Validation Accuracy: [0.6004999876022339, 0.7889999747276306, 0.8805000185966492, 0.8914999961853027, 0.9570000171661377, 0.9614999890327454, 0.9574999809265137, 0.9545000195503235, 0.9760000109672546, 0.968500018119812, 0.9775000214576721, 0.9624999761581421, 0.9769999980926514, 0.984000027179718, 0.9620000123977661, 0.9645000100135803, 0.9605000019073486, 0.9785000085830688, 0.9725000262260437, 0.9735000133514404, 0.9800000190734863, 0.965499997138977, 0.9649999737739563, 0.9639999866485596, 0.9829999804496765, 0.9704999923706055, 0.9810000061988831, 0.9825000166893005, 0.9785000085830688, 0.9700000286102295, 0.9639999866485596, 0.9624999761581421, 0.9769999980926514, 0.9649999737739563, 0.9700000286102295, 0.9714999794960022, 0.965499997138977, 0.9929999709129333, 0.9815000295639038, 0.9635000228881836, 0.9679999947547913, 0.9760000109672546, 0.9760000109672546, 0.9760000109672546, 0.9829999804496765, 0.9735000133514404, 0.972000002861023, 0.9865000247955322, 0.9804999828338623, 0.9710000157356262, 0.9919999837875366, 0.9610000252723694, 0.9645000100135803, 0.9710000157356262]
Validation F1: [0.4931726738758958, 0.7567334986137496, 0.8805670425085186, 0.8911240848192153, 0.9569758196990632, 0.9613214684095368, 0.9571881073735948, 0.954085860554362, 0.9759942269823568, 0.9684216450392819, 0.9774894733320076, 0.9623271668946766, 0.9770147014376814, 0.9839990716947483, 0.9617926638384047, 0.9643259311047557, 0.960234296971365, 0.9784820321538953, 0.9724562745545676, 0.9734473031426166, 0.9799881910337096, 0.9653428743628949, 0.9648387616430179, 0.9637689199662232, 0.9829970223890515, 0.9704193893130525, 0.980991619804126, 0.9825054868642586, 0.9784859658357582, 0.969908551930662, 0.9638077394282482, 0.962278172648349, 0.9770145622606236, 0.9647905448610797, 0.969909379045996, 0.9714478741815301, 0.9653470244206294, 0.9930047252138223, 0.9814931452362976, 0.9632981919449419, 0.9678842369221783, 0.9759678515511762, 0.9759687426353709, 0.9760139035696728, 0.9829945197690608, 0.9734530639683772, 0.9719241325954848, 0.986505582742449, 0.9804865906405067, 0.9709277322078328, 0.9920041368560361, 0.9607581255710631, 0.9643169854310731, 0.9709289231844609]
Validation Precision: [0.4302569580364415, 0.7853388539729761, 0.8882641917389836, 0.8984364948074626, 0.9574602405515671, 0.9649281031574867, 0.9625453783194061, 0.9604938921370377, 0.9764908361069886, 0.9703096186487502, 0.9780795448626507, 0.9658008292583904, 0.9770557984488333, 0.9842889510986527, 0.9657618191486668, 0.9679402427423047, 0.9650745554179123, 0.9792993541478695, 0.9738081216304009, 0.9750158519076373, 0.9806358142225162, 0.968718453307347, 0.9682515340915558, 0.9693538676046519, 0.9833632193822448, 0.9725149689314967, 0.9815367758489001, 0.9827137752857927, 0.97918584175493, 0.9730542878210001, 0.9677225564133939, 0.9665785415962096, 0.9770814047350147, 0.9700781805259416, 0.9722404399401339, 0.9737290021136946, 0.9686430579744358, 0.9930197014230566, 0.9819902985385611, 0.96733967015757, 0.9706249946846963, 0.977191696351079, 0.9771108886462, 0.9761597961903006, 0.9834469944988218, 0.9748562244037347, 0.9748563044769817, 0.9870726710082744, 0.9811908480127522, 0.9737449437251418, 0.9920136161298769, 0.96533094553695, 0.9681070053927131, 0.9736217424720899]
Validation Recall: [0.6005, 0.789, 0.8805, 0.8915, 0.957, 0.9615, 0.9575, 0.9545, 0.976, 0.9685, 0.9775, 0.9625, 0.977, 0.984, 0.962, 0.9645, 0.9605, 0.9785, 0.9725, 0.9735, 0.98, 0.9655, 0.965, 0.964, 0.983, 0.9705, 0.981, 0.9825, 0.9785, 0.97, 0.964, 0.9625, 0.977, 0.965, 0.97, 0.9715, 0.9655, 0.993, 0.9815, 0.9635, 0.968, 0.976, 0.976, 0.976, 0.983, 0.9735, 0.972, 0.9865, 0.9805, 0.971, 0.992, 0.961, 0.9645, 0.971]
Validation Loss Min: 0.0547
Validation Accuracy Max: 0.9930
Validation F1 Max: 0.9930

--- MODEL CONFIGURATION ---
FIRST LAYER NODES: 64
HIDDEN LAYERS: 3
PATIENCE: 15
MAX EPOCHS: 100
EPOCHS RUN: 53

--- CLASSIFICATION REPORT ---
              precision    recall  f1-score   support

           0       1.00      1.00      1.00       300
           1       0.96      0.97      0.97       200
           2       0.99      0.99      0.99       200
           3       0.96      0.96      0.96       200
           4       0.99      0.99      0.99       100

    accuracy                           0.98      1000
   macro avg       0.98      0.98      0.98      1000
weighted avg       0.98      0.98      0.98      1000

VALIDATION MACRO F1: 0.9813
