PARAMS: {'batch_size': 32, 'learning_rate': 0.01, 'dropout_rate': 0.4, 'n_hidden_layers': 2, 'first_layer_nodes': 256, 'epochs': 100, 'patience': 15}
ACCURACY:  0.9470
F1 SCORE:  0.9467
MACRO F1-SCORE: 0.9460
PRECISION: 0.9522
RECALL:    0.9470
TEST LOSS: 0.1282
Validation Loss: [0.34489819407463074, 0.25577256083488464, 0.20814453065395355, 0.23641261458396912, 0.2676178514957428, 0.47287073731422424, 0.29749929904937744, 0.28485944867134094, 0.5169475078582764, 0.28395959734916687, 0.38506728410720825, 0.2711483836174011, 0.15998288989067078, 0.17352993786334991, 0.2572382986545563, 0.1947820633649826, 0.37372153997421265, 0.36147284507751465, 0.6221178770065308, 0.49148550629615784, 0.1309066265821457, 0.4128476679325104, 0.6840280890464783, 0.19013141095638275, 0.36443787813186646, 0.45899060368537903, 0.47249558568000793, 0.4551149308681488, 0.42019665241241455, 0.20792190730571747, 0.35338589549064636, 0.2565450966358185, 0.6352666020393372, 0.9957929849624634, 0.2723180949687958, 0.4211740791797638]
Validation Accuracy: [0.8479999899864197, 0.8805000185966492, 0.9004999995231628, 0.8970000147819519, 0.8924999833106995, 0.8330000042915344, 0.8895000219345093, 0.8949999809265137, 0.7605000138282776, 0.8889999985694885, 0.8165000081062317, 0.9035000205039978, 0.9369999766349792, 0.9265000224113464, 0.8840000033378601, 0.9079999923706055, 0.8075000047683716, 0.8144999742507935, 0.6899999976158142, 0.7749999761581421, 0.9424999952316284, 0.7885000109672546, 0.6880000233650208, 0.9114999771118164, 0.8324999809265137, 0.7310000061988831, 0.7739999890327454, 0.7870000004768372, 0.7850000262260437, 0.9079999923706055, 0.8560000061988831, 0.902999997138977, 0.7095000147819519, 0.6775000095367432, 0.8450000286102295, 0.8544999957084656]
Validation F1: [0.8350243459326956, 0.8696465974407348, 0.8951869617451862, 0.8911629978196647, 0.8846899236526206, 0.8227990005908029, 0.8809213233495936, 0.8879099510696865, 0.733313015646947, 0.8803410275854401, 0.8001828639894238, 0.8984903648968009, 0.9356674214990159, 0.9244568186319994, 0.874529915771153, 0.9040305435679078, 0.7899779697708825, 0.8008034385907081, 0.6085477930310412, 0.7530112251885732, 0.9416584082736821, 0.7700478840359315, 0.604319987993631, 0.9075830353774652, 0.8172493219525698, 0.6552772224209316, 0.7511452411890038, 0.7678793471058855, 0.765525679865193, 0.9035646662053561, 0.8354013783881299, 0.8989648766679693, 0.6309032026627123, 0.5906584506358168, 0.8323757293104079, 0.8439201496576886]
Validation Precision: [0.8966164615879221, 0.923881365177346, 0.929889593683974, 0.9273792282866692, 0.9277353322835502, 0.9060080257150462, 0.9270948544019261, 0.9279862314589669, 0.8404317657099971, 0.9261714822740114, 0.8630807955497489, 0.9305855414054063, 0.9497713361387083, 0.9429646717660346, 0.923693542190226, 0.9328849311607933, 0.858089717596584, 0.8676459002938347, 0.8057916068546221, 0.8421995496763297, 0.9526256382694593, 0.8471184184679371, 0.6043000216824007, 0.9351386374374879, 0.872240879542983, 0.8255855511333721, 0.8416835436520002, 0.8483087656274682, 0.8480240934279968, 0.9332178337007531, 0.9156279767918483, 0.9270724740627863, 0.8128953136153291, 0.6008962043736438, 0.8797125725185513, 0.8978867435574803]
Validation Recall: [0.848, 0.8805, 0.9005, 0.897, 0.8925, 0.833, 0.8895, 0.895, 0.7605, 0.889, 0.8165, 0.9035, 0.937, 0.9265, 0.884, 0.908, 0.8075, 0.8145, 0.69, 0.775, 0.9425, 0.7885, 0.688, 0.9115, 0.8325, 0.731, 0.774, 0.787, 0.785, 0.908, 0.856, 0.903, 0.7095, 0.6775, 0.845, 0.8545]
Validation Loss Min: 0.1309
Validation Accuracy Max: 0.9425
Validation F1 Max: 0.9417

--- MODEL CONFIGURATION ---
FIRST LAYER NODES: 256
HIDDEN LAYERS: 2
PATIENCE: 15
MAX EPOCHS: 100
EPOCHS RUN: 35

--- CLASSIFICATION REPORT ---
              precision    recall  f1-score   support

           0       1.00      0.99      0.99       300
           1       0.96      0.79      0.87       200
           2       1.00      0.99      0.99       200
           3       0.82      0.97      0.89       200
           4       0.98      0.99      0.99       100

    accuracy                           0.95      1000
   macro avg       0.95      0.95      0.95      1000
weighted avg       0.95      0.95      0.95      1000

VALIDATION MACRO F1: 0.9409
