PARAMS: {'batch_size': 64, 'learning_rate': 0.001, 'dropout_rate': 0.4, 'n_hidden_layers': 3, 'first_layer_nodes': 128, 'epochs': 100, 'patience': 15}
ACCURACY:  0.9830
F1 SCORE:  0.9830
MACRO F1-SCORE: 0.9820
PRECISION: 0.9830
RECALL:    0.9830
TEST LOSS: 0.0792
Validation Loss: [0.5734284520149231, 0.47528278827667236, 0.3763220012187958, 0.22876469790935516, 0.1568099558353424, 0.13715694844722748, 0.10224375873804092, 0.127205491065979, 0.10164877772331238, 0.1101880893111229, 0.11587584018707275, 0.08755209296941757, 0.08508814126253128, 0.0864783376455307, 0.07920575886964798, 0.08149998635053635, 0.07903077453374863, 0.07360643148422241, 0.07416801154613495, 0.0869239792227745, 0.08129521459341049, 0.07335938513278961, 0.06810701638460159, 0.09409110248088837, 0.07237587869167328, 0.08663284033536911, 0.07127530872821808, 0.07672562450170517, 0.08165832608938217, 0.07775519788265228, 0.06352461129426956, 0.08356903493404388, 0.0701047033071518, 0.08305510133504868, 0.08969944715499878, 0.06807785481214523, 0.0965101569890976, 0.09820511937141418, 0.0780276283621788, 0.07878497987985611, 0.07824886590242386, 0.07170037180185318, 0.06232713535428047, 0.0679120197892189, 0.06676103919744492, 0.07383336126804352, 0.07227999716997147, 0.06752653419971466, 0.07265761494636536, 0.07139813154935837, 0.08879124373197556, 0.07351476699113846, 0.07182814925909042, 0.07008673995733261, 0.06568240374326706, 0.07690867781639099, 0.08330024033784866, 0.08482765406370163]
Validation Accuracy: [0.7835000157356262, 0.7870000004768372, 0.809499979019165, 0.9419999718666077, 0.9760000109672546, 0.9629999995231628, 0.9785000085830688, 0.9470000267028809, 0.965499997138977, 0.953000009059906, 0.9605000019073486, 0.9620000123977661, 0.972000002861023, 0.9629999995231628, 0.9764999747276306, 0.9769999980926514, 0.9635000228881836, 0.9729999899864197, 0.9695000052452087, 0.9620000123977661, 0.9624999761581421, 0.9754999876022339, 0.9819999933242798, 0.9714999794960022, 0.9735000133514404, 0.9614999890327454, 0.9800000190734863, 0.9819999933242798, 0.9629999995231628, 0.9710000157356262, 0.9775000214576721, 0.9635000228881836, 0.9815000295639038, 0.9620000123977661, 0.9639999866485596, 0.972000002861023, 0.9585000276565552, 0.9545000195503235, 0.9785000085830688, 0.9645000100135803, 0.9664999842643738, 0.9700000286102295, 0.9785000085830688, 0.9835000038146973, 0.9729999899864197, 0.9754999876022339, 0.9750000238418579, 0.9779999852180481, 0.9754999876022339, 0.968999981880188, 0.9629999995231628, 0.9670000076293945, 0.9789999723434448, 0.9639999866485596, 0.9710000157356262, 0.9649999737739563, 0.9725000262260437, 0.9620000123977661]
Validation F1: [0.7510131499481425, 0.7536995686783823, 0.7840553735479796, 0.9417018263775837, 0.9759949311704046, 0.9629104183667183, 0.9784983086345402, 0.9463539657189329, 0.9653660034594355, 0.9525561266350413, 0.9602271881146802, 0.9618048240303276, 0.971954951567151, 0.962881253160877, 0.9764928833405946, 0.9769745406536665, 0.9632201282815399, 0.9729422406256142, 0.9694347030220942, 0.9617676908667524, 0.9622885118459901, 0.975483716864114, 0.9820083460308957, 0.9714086310742643, 0.9734511566698518, 0.9612726678076691, 0.9799848507601223, 0.9819827249506129, 0.9628227675544188, 0.9709579686180729, 0.9774809495461952, 0.9632701578695639, 0.9814931452362976, 0.9617926638384047, 0.9637936610720864, 0.97194762884163, 0.9581804328051392, 0.9540637483240817, 0.9784854647610309, 0.9643429951338288, 0.9664077995795881, 0.9699247781947806, 0.9784820321538953, 0.9834965150288213, 0.9729523945731926, 0.975469980538712, 0.9749725301048133, 0.9779796893840637, 0.9754750441016761, 0.9689067644827218, 0.9627459418276929, 0.9668810255177763, 0.97898422685769, 0.9637689199662232, 0.97092457786248, 0.9647905448610797, 0.9724136383116083, 0.9618048240303276]
Validation Precision: [0.7341326214982671, 0.7363851204459172, 0.8385415068491908, 0.9514024402473676, 0.9770976570285108, 0.9665018934187992, 0.9787429379314785, 0.9549845744749511, 0.9684506138605248, 0.9593671830640087, 0.9663242833216205, 0.965658425705537, 0.973460125052138, 0.9654499299719886, 0.9770325661083754, 0.9779805167729958, 0.968861281032562, 0.975436207654708, 0.9720285920121687, 0.9662002773913102, 0.9664028328619436, 0.9761616696956334, 0.9820553341045597, 0.9748340768142749, 0.9749695833954176, 0.9655548601771136, 0.9806638552253459, 0.9829917859195673, 0.9665828455031747, 0.9728358208955223, 0.9782099009900991, 0.968861281032562, 0.9819902985385611, 0.9657618191486668, 0.9689800674875302, 0.973519488314005, 0.9636986251042196, 0.9608215672990631, 0.9792502765769535, 0.9676254628527945, 0.9684682034984613, 0.971967263815931, 0.9792993541478695, 0.9837697194848573, 0.9744769968233276, 0.9766183020741099, 0.9758765475582831, 0.9788578031393483, 0.9764837303638846, 0.97122862916517, 0.9686356799511955, 0.969610749670451, 0.9797428631490436, 0.9693538676046519, 0.9729273407636019, 0.9700781805259416, 0.9757139413066825, 0.965658425705537]
Validation Recall: [0.7835, 0.787, 0.8095, 0.942, 0.976, 0.963, 0.9785, 0.947, 0.9655, 0.953, 0.9605, 0.962, 0.972, 0.963, 0.9765, 0.977, 0.9635, 0.973, 0.9695, 0.962, 0.9625, 0.9755, 0.982, 0.9715, 0.9735, 0.9615, 0.98, 0.982, 0.963, 0.971, 0.9775, 0.9635, 0.9815, 0.962, 0.964, 0.972, 0.9585, 0.9545, 0.9785, 0.9645, 0.9665, 0.97, 0.9785, 0.9835, 0.973, 0.9755, 0.975, 0.978, 0.9755, 0.969, 0.963, 0.967, 0.979, 0.964, 0.971, 0.965, 0.9725, 0.962]
Validation Loss Min: 0.0623
Validation Accuracy Max: 0.9835
Validation F1 Max: 0.9835

--- MODEL CONFIGURATION ---
FIRST LAYER NODES: 128
HIDDEN LAYERS: 3
PATIENCE: 15
MAX EPOCHS: 100
EPOCHS RUN: 57

--- CLASSIFICATION REPORT ---
              precision    recall  f1-score   support

           0       1.00      1.00      1.00       300
           1       0.96      0.97      0.97       200
           2       0.99      0.99      0.99       200
           3       0.96      0.96      0.96       200
           4       0.99      0.99      0.99       100

    accuracy                           0.98      1000
   macro avg       0.98      0.98      0.98      1000
weighted avg       0.98      0.98      0.98      1000

VALIDATION MACRO F1: 0.9783
