PARAMS: {'batch_size': 64, 'learning_rate': 0.001, 'dropout_rate': 0.4, 'epochs': 100, 'patience': 15}
ACCURACY:  0.9840
F1 SCORE:  0.9837
PRECISION: 0.9841
RECALL:    0.9833
TEST LOSS: 0.0682
Validation Loss: [0.5336098074913025, 0.341092973947525, 0.22576814889907837, 0.16805213689804077, 0.1377394199371338, 0.127049520611763, 0.12305264174938202, 0.13154666125774384, 0.10562415421009064, 0.08925069868564606, 0.09674403816461563, 0.09050647914409637, 0.08420102298259735, 0.10317467153072357, 0.08318203687667847, 0.08086374402046204, 0.08571401238441467, 0.08117521554231644, 0.08006414771080017, 0.07894902676343918, 0.07653306424617767, 0.08927332609891891, 0.13305096328258514, 0.08466968685388565, 0.0881824865937233, 0.09371323138475418, 0.09412042796611786, 0.07804465293884277, 0.07898066192865372, 0.07649833709001541, 0.07764995098114014, 0.09420982003211975, 0.07268907129764557, 0.0750325471162796, 0.07384466379880905, 0.07817422598600388, 0.07359742373228073, 0.07590358704328537, 0.09935613721609116, 0.07670263946056366, 0.07624651491641998, 0.07235301285982132, 0.0796496793627739, 0.07433247566223145, 0.09127281606197357, 0.08451540768146515, 0.09107790142297745, 0.07677571475505829, 0.09981676191091537, 0.12453151494264603, 0.09567047655582428, 0.0785154178738594, 0.07652416080236435, 0.07423649728298187, 0.07650663703680038, 0.07451744377613068, 0.07654115557670593]
Validation Accuracy: [0.7875000238418579, 0.8659999966621399, 0.8840000033378601, 0.9474999904632568, 0.9599999785423279, 0.9580000042915344, 0.9580000042915344, 0.9545000195503235, 0.9610000252723694, 0.9750000238418579, 0.9610000252723694, 0.968999981880188, 0.9754999876022339, 0.9620000123977661, 0.9639999866485596, 0.9779999852180481, 0.9585000276565552, 0.9900000095367432, 0.9815000295639038, 0.9779999852180481, 0.9785000085830688, 0.968999981880188, 0.9559999704360962, 0.9735000133514404, 0.968500018119812, 0.9639999866485596, 0.9589999914169312, 0.9794999957084656, 0.9714999794960022, 0.9865000247955322, 0.9775000214576721, 0.9589999914169312, 0.9815000295639038, 0.9825000166893005, 0.9815000295639038, 0.9750000238418579, 0.9860000014305115, 0.9779999852180481, 0.9599999785423279, 0.9794999957084656, 0.9785000085830688, 0.9810000061988831, 0.9750000238418579, 0.9800000190734863, 0.9714999794960022, 0.9595000147819519, 0.9595000147819519, 0.9785000085830688, 0.9645000100135803, 0.9549999833106995, 0.9589999914169312, 0.9769999980926514, 0.9775000214576721, 0.9794999957084656, 0.9779999852180481, 0.9800000190734863, 0.9779999852180481]
Validation F1: [0.7545913992965539, 0.8654140706643059, 0.8835563723035943, 0.9475347424501165, 0.9599224969559065, 0.9576239725370312, 0.9576239725370312, 0.9540077719971175, 0.9608231465923147, 0.9749884104994767, 0.9608359567748201, 0.968936976476387, 0.975482323522655, 0.9618472130905671, 0.9638075783492865, 0.9779983648880364, 0.9581389528536522, 0.9900061519719031, 0.9815037116175857, 0.9779966091814842, 0.9784950570352849, 0.9689317032905976, 0.9556952240684716, 0.9734832568077283, 0.968426625719819, 0.9638245358929245, 0.9586385375721223, 0.979501607124347, 0.9715140069949488, 0.9865067577736014, 0.9774883263158489, 0.9586385375721223, 0.9815018130886103, 0.9825048764164542, 0.9815037116175857, 0.9749768737326237, 0.986008386824999, 0.9779865692015421, 0.9596673352689994, 0.9794949664750922, 0.9784950570352849, 0.9809986740229133, 0.9749719247268456, 0.979993466441419, 0.9714538924107529, 0.9591531285234411, 0.9591531285234411, 0.9784979496065066, 0.9643071630677569, 0.9545073567155876, 0.9586385375721223, 0.9769863317935377, 0.9774883263158489, 0.9794977497713705, 0.9779865692015421, 0.979993466441419, 0.9779865692015421]
VALIDATION MACRO F1: [0.6558550892712802, 0.848605938015273, 0.8691931244403465, 0.9467799258315777, 0.9598397870639696, 0.9575412626450944, 0.9575412626450944, 0.9539250621051807, 0.9604923008211704, 0.97490570060754, 0.9609192207215311, 0.9688542665844502, 0.9753996136307179, 0.9617645031986302, 0.9637248684573496, 0.9779156549960994, 0.9580562429617153, 0.9900894159186141, 0.9815869755642964, 0.9780798731281953, 0.978578320981996, 0.9690149672373087, 0.9557784880151828, 0.9735665207544393, 0.9685098896665301, 0.9639077998396356, 0.9587218015188335, 0.979584871071058, 0.9715972709416599, 0.9865900217203126, 0.9775715902625599, 0.9587218015188335, 0.9815850770353212, 0.9825881403631653, 0.9815869755642964, 0.9750601376793349, 0.98609165077171, 0.9780698331482531, 0.9597505992157105, 0.9795782304218033, 0.978578320981996, 0.9810819379696245, 0.9750551886735567, 0.9800767303881301, 0.9715371563574641, 0.9592363924701524, 0.9592363924701524, 0.9785812135532176, 0.9643904270144679, 0.9545906206622987, 0.9587218015188335, 0.9770695957402488, 0.9775715902625599, 0.9795810137180817, 0.9780698331482531, 0.9800767303881301, 0.9780698331482531]
Validation Precision: [0.7364051639681788, 0.8755640697703931, 0.8914563815172891, 0.9484913065533843, 0.9620012005609021, 0.9649775912966289, 0.9649775912966289, 0.962601669566279, 0.9641413709693951, 0.9755757173269083, 0.964608044422389, 0.9706016770813121, 0.9762344124448182, 0.9648660789453054, 0.9686239083552196, 0.9783227813271772, 0.9653226538823553, 0.9900669402793612, 0.9816419511681667, 0.9783582532117623, 0.978898300364454, 0.9706793763939979, 0.9605888430347664, 0.9741716704949406, 0.9702604691349641, 0.9681922833762031, 0.9658209982669217, 0.9801624604938752, 0.9715547040006275, 0.9865170414230646, 0.978077889247217, 0.9658209982669217, 0.9816929889073903, 0.9825992302302742, 0.9816419511681667, 0.9758456992765643, 0.9860708814609674, 0.9786297544231078, 0.9665154457254611, 0.9798991875428519, 0.978898300364454, 0.9812865462324696, 0.9759704614835196, 0.9804419643052106, 0.9728002478125929, 0.9661674986134221, 0.9661674986134221, 0.9788211257117434, 0.9691222527397859, 0.9631000139508453, 0.9658209982669217, 0.9776275523311205, 0.978077889247217, 0.9798215753520312, 0.9786297544231078, 0.9804419643052106, 0.9786297544231078]
Validation Recall: [0.7875, 0.866, 0.884, 0.9475, 0.96, 0.958, 0.958, 0.9545, 0.961, 0.975, 0.961, 0.969, 0.9755, 0.962, 0.964, 0.978, 0.9585, 0.99, 0.9815, 0.978, 0.9785, 0.969, 0.956, 0.9735, 0.9685, 0.964, 0.959, 0.9795, 0.9715, 0.9865, 0.9775, 0.959, 0.9815, 0.9825, 0.9815, 0.975, 0.986, 0.978, 0.96, 0.9795, 0.9785, 0.981, 0.975, 0.98, 0.9715, 0.9595, 0.9595, 0.9785, 0.9645, 0.955, 0.959, 0.977, 0.9775, 0.9795, 0.978, 0.98, 0.978]
Validation Loss Min: 0.0724
Validation Accuracy Max: 0.9900
Validation F1 Max: 0.9900
VALIDATION MACRO F1 Max: 0.9901

--- MODEL CONFIGURATION ---
PATIENCE: 15
MAX EPOCHS: 100
EPOCHS RUN: 57

--- CLASSIFICATION REPORT ---
              precision    recall  f1-score   support

           0       1.00      1.00      1.00       300
           1       0.96      0.97      0.97       200
           2       0.99      0.99      0.99       200
           3       0.96      0.96      0.96       200
           4       1.00      0.99      0.99       100

    accuracy                           0.98      1000
   macro avg       0.98      0.98      0.98      1000
weighted avg       0.98      0.98      0.98      1000
