PARAMS: {'batch_size': 32, 'learning_rate': 0.001, 'dropout_rate': 0.3, 'n_hidden_layers': 2, 'first_layer_nodes': 256, 'epochs': 100, 'patience': 15}
ACCURACY:  0.9700
F1 SCORE:  0.9699
MACRO F1-SCORE: 0.9700
PRECISION: 0.9726
RECALL:    0.9700
TEST LOSS: 0.0718
Validation Loss: [0.27016332745552063, 0.1635122150182724, 0.11571456491947174, 0.10023738443851471, 0.09355251491069794, 0.12326078116893768, 0.0892241820693016, 0.08260183781385422, 0.12075182050466537, 0.08301322907209396, 0.09919694811105728, 0.09946365654468536, 0.0737198069691658, 0.09113392978906631, 0.07295316457748413, 0.07840969413518906, 0.0814705416560173, 0.12070878595113754, 0.06513100862503052, 0.06482408195734024, 0.0703815147280693, 0.07165355235338211, 0.07088810205459595, 0.07240311801433563, 0.08554554730653763, 0.10411398112773895, 0.08253598213195801, 0.066531702876091, 0.06304426491260529, 0.07213006168603897, 0.06883404403924942, 0.10011924803256989, 0.06237218528985977, 0.07078705728054047, 0.06203727424144745, 0.06691019237041473, 0.06904298067092896, 0.06247587129473686, 0.06931460648775101, 0.08478537946939468, 0.07047885656356812, 0.07356402277946472, 0.07788447290658951, 0.07029910385608673, 0.07727649062871933, 0.16446839272975922, 0.07908500730991364, 0.07421734184026718, 0.061728280037641525, 0.07152091711759567, 0.06241137534379959, 0.08289624005556107, 0.06075036898255348, 0.07542238384485245, 0.06145887449383736, 0.07874426245689392, 0.11718675494194031, 0.06511719524860382, 0.11119130253791809, 0.06545640528202057, 0.06386368721723557, 0.07681656628847122, 0.06250783056020737, 0.05917646363377571, 0.060963667929172516, 0.09049583971500397, 0.06214522197842598, 0.07716001570224762, 0.06022235378623009, 0.06755456328392029, 0.060479339212179184, 0.06304598599672318, 0.10007262974977493, 0.07696446031332016, 0.06695540249347687, 0.09861236810684204, 0.057494763284921646, 0.08702410757541656, 0.06554936617612839, 0.06688408553600311, 0.06413748860359192, 0.061429865658283234, 0.06778914481401443, 0.08935243636369705, 0.08108541369438171, 0.07831752300262451, 0.06244303658604622, 0.07371927052736282, 0.0644628033041954, 0.06394053995609283, 0.06776336580514908, 0.06190137192606926]
Validation Accuracy: [0.9204999804496765, 0.9415000081062317, 0.9779999852180481, 0.9620000123977661, 0.9679999947547913, 0.9440000057220459, 0.9894999861717224, 0.9729999899864197, 0.9490000009536743, 0.9620000123977661, 0.9614999890327454, 0.9605000019073486, 0.9829999804496765, 0.9574999809265137, 0.965499997138977, 0.968500018119812, 0.9679999947547913, 0.9465000033378601, 0.9794999957084656, 0.9764999747276306, 0.9850000143051147, 0.9704999923706055, 0.9700000286102295, 0.9815000295639038, 0.9589999914169312, 0.9555000066757202, 0.9620000123977661, 0.9829999804496765, 0.9779999852180481, 0.972000002861023, 0.9819999933242798, 0.9589999914169312, 0.9815000295639038, 0.9649999737739563, 0.984000027179718, 0.9710000157356262, 0.9745000004768372, 0.9815000295639038, 0.9700000286102295, 0.9599999785423279, 0.9664999842643738, 0.9635000228881836, 0.9704999923706055, 0.9710000157356262, 0.9645000100135803, 0.9430000185966492, 0.9629999995231628, 0.9649999737739563, 0.9819999933242798, 0.9670000076293945, 0.9800000190734863, 0.9624999761581421, 0.9735000133514404, 0.9645000100135803, 0.9760000109672546, 0.9635000228881836, 0.9514999985694885, 0.9764999747276306, 0.9539999961853027, 0.972000002861023, 0.9785000085830688, 0.965499997138977, 0.9810000061988831, 0.9829999804496765, 0.9825000166893005, 0.9595000147819519, 0.9764999747276306, 0.965499997138977, 0.9835000038146973, 0.9714999794960022, 0.9725000262260437, 0.9785000085830688, 0.9645000100135803, 0.9629999995231628, 0.9649999737739563, 0.9580000042915344, 0.9735000133514404, 0.9629999995231628, 0.9649999737739563, 0.9700000286102295, 0.972000002861023, 0.9750000238418579, 0.968999981880188, 0.9570000171661377, 0.9635000228881836, 0.9639999866485596, 0.9649999737739563, 0.965499997138977, 0.9649999737739563, 0.9660000205039978, 0.9760000109672546, 0.9735000133514404]
Validation F1: [0.9209731554231828, 0.9405609485963956, 0.9780181431296808, 0.9618593252096501, 0.9679690367522388, 0.9431274300051994, 0.9895105828098995, 0.9729583347148172, 0.9483610419671192, 0.9617783920720965, 0.9614675146818522, 0.960212137190259, 0.9830073507620789, 0.9571582877864308, 0.965359022431129, 0.9684317964095507, 0.9679005879102146, 0.9457748743857147, 0.9794930827733849, 0.9764717251853942, 0.9850007365867124, 0.9704147848440484, 0.9699181794502693, 0.9814938192639374, 0.9587108629432157, 0.9550781488982509, 0.9617676908667524, 0.9830023601877437, 0.9779796893840637, 0.9719307450945893, 0.9820054827926744, 0.9586655135504858, 0.9814984971172573, 0.9648463446132955, 0.983997371006719, 0.9709286764895051, 0.9745144782885777, 0.9814931452362976, 0.9699245208034308, 0.95972249942533, 0.9663806134112377, 0.9633122441315617, 0.9704232829000901, 0.9709289231844609, 0.9643381253539072, 0.9420479478695325, 0.9627883380114077, 0.9648602603344698, 0.9820054827926744, 0.9668810255177763, 0.9799912078822013, 0.9622941393988276, 0.9734444779249924, 0.9643169854310731, 0.975963385914141, 0.9633089773315892, 0.9509388271386431, 0.9764717251853942, 0.9535528381420459, 0.9719382942714644, 0.9784915770974575, 0.9653008624432915, 0.9810063365264655, 0.9829970223890515, 0.9825013859399806, 0.9592229536842649, 0.9764666136478352, 0.9653542843856808, 0.9834965150288213, 0.97143359287491, 0.9724577543172508, 0.9784820321538953, 0.9642798990461966, 0.9627883380114077, 0.9647905448610797, 0.9576718435264368, 0.9734535867389557, 0.9628102928380143, 0.9648141453077239, 0.969909379045996, 0.9719342969910535, 0.9749622572212674, 0.96890244963747, 0.956577375344333, 0.9633133979720465, 0.9638077394282482, 0.9649890690036652, 0.9653345928274997, 0.9647905448610797, 0.9658108568147286, 0.9759683035418448, 0.9734537361563719]
Validation Precision: [0.93661277381089, 0.9515529759256476, 0.9783428554694528, 0.9647848142407338, 0.9697102306915774, 0.953760399992095, 0.9897591071573847, 0.9744138352016474, 0.9570085843344044, 0.9660223756948814, 0.9633939604917009, 0.966589394378441, 0.9834270649029031, 0.962862978460967, 0.968414720187598, 0.9710155912027799, 0.9704490189648195, 0.9552541936314756, 0.9799875481947681, 0.9775447525650108, 0.9852231931008926, 0.973447006668612, 0.9720477218721294, 0.9819458696394294, 0.9637715115348421, 0.9617413651409958, 0.9662002773913102, 0.9833086310241483, 0.9788578031393483, 0.9738833091001465, 0.9821211638768296, 0.9643930799773115, 0.9818241302480405, 0.9680914115194972, 0.9842368039462203, 0.9728737173482969, 0.9747194439371049, 0.9819902985385611, 0.9727306987108967, 0.9647023027620044, 0.9692450056251571, 0.967086480223581, 0.9732232852829868, 0.9736217424720899, 0.967699182722859, 0.9531931382707326, 0.9669583355490106, 0.967922133615508, 0.9821211638768296, 0.969610749670451, 0.9805926995941742, 0.9663805114990366, 0.9751339452951079, 0.9681070053927131, 0.9772545939422289, 0.9672299698413039, 0.9589461109420397, 0.9775447525650108, 0.960347503138513, 0.9737067182345638, 0.9791379734541444, 0.97044265850236, 0.9815718937622983, 0.9833632193822448, 0.9828447094541116, 0.9641429140888509, 0.9776842829231691, 0.9684852526323685, 0.9837697194848573, 0.9732893356347515, 0.9744404121642133, 0.9792993541478695, 0.9697152535196358, 0.9669583355490106, 0.9700781805259416, 0.9632279525047475, 0.9756399695820239, 0.966680665816961, 0.9698283773377918, 0.9722404399401339, 0.9737573757375737, 0.9762488053210762, 0.9712882825867143, 0.9644509411704364, 0.9671480507455097, 0.9677225564133939, 0.9666366580096749, 0.9688806362569119, 0.9700781805259416, 0.9708086974122961, 0.9772189941895412, 0.9750155589656713]
Validation Recall: [0.9205, 0.9415, 0.978, 0.962, 0.968, 0.944, 0.9895, 0.973, 0.949, 0.962, 0.9615, 0.9605, 0.983, 0.9575, 0.9655, 0.9685, 0.968, 0.9465, 0.9795, 0.9765, 0.985, 0.9705, 0.97, 0.9815, 0.959, 0.9555, 0.962, 0.983, 0.978, 0.972, 0.982, 0.959, 0.9815, 0.965, 0.984, 0.971, 0.9745, 0.9815, 0.97, 0.96, 0.9665, 0.9635, 0.9705, 0.971, 0.9645, 0.943, 0.963, 0.965, 0.982, 0.967, 0.98, 0.9625, 0.9735, 0.9645, 0.976, 0.9635, 0.9515, 0.9765, 0.954, 0.972, 0.9785, 0.9655, 0.981, 0.983, 0.9825, 0.9595, 0.9765, 0.9655, 0.9835, 0.9715, 0.9725, 0.9785, 0.9645, 0.963, 0.965, 0.958, 0.9735, 0.963, 0.965, 0.97, 0.972, 0.975, 0.969, 0.957, 0.9635, 0.964, 0.965, 0.9655, 0.965, 0.966, 0.976, 0.9735]
Validation Loss Min: 0.0575
Validation Accuracy Max: 0.9895
Validation F1 Max: 0.9895

--- MODEL CONFIGURATION ---
FIRST LAYER NODES: 256
HIDDEN LAYERS: 2
PATIENCE: 15
MAX EPOCHS: 100
EPOCHS RUN: 91

--- CLASSIFICATION REPORT ---
              precision    recall  f1-score   support

           0       1.00      1.00      1.00       300
           1       0.88      0.99      0.94       200
           2       1.00      0.99      0.99       200
           3       0.99      0.87      0.93       200
           4       0.99      0.99      0.99       100

    accuracy                           0.97      1000
   macro avg       0.97      0.97      0.97      1000
weighted avg       0.97      0.97      0.97      1000

VALIDATION MACRO F1: 0.9733
