PARAMS: {'batch_size': 128, 'learning_rate': 0.001, 'dropout_rate': 0.3, 'n_hidden_layers': 2, 'first_layer_nodes': 256, 'epochs': 100, 'patience': 15}
ACCURACY:  0.9830
F1 SCORE:  0.9830
MACRO F1-SCORE: 0.9820
PRECISION: 0.9830
RECALL:    0.9830
TEST LOSS: 0.0706
Validation Loss: [0.5007035732269287, 0.3367026448249817, 0.2343471497297287, 0.16869907081127167, 0.14405150711536407, 0.11906372755765915, 0.10263492166996002, 0.09635448455810547, 0.08937828987836838, 0.08903750032186508, 0.08083127439022064, 0.08509921282529831, 0.09794878214597702, 0.0781780555844307, 0.07693547755479813, 0.13346891105175018, 0.07387309521436691, 0.12367959320545197, 0.08066721260547638, 0.06965910643339157, 0.06913215667009354, 0.07226461917161942, 0.07132461667060852, 0.07008581608533859, 0.07540226727724075, 0.07090315222740173, 0.06480864435434341, 0.06973153352737427, 0.08831654489040375, 0.06803353130817413, 0.06825976818799973, 0.06173193082213402, 0.06754297763109207, 0.07192378491163254, 0.06142498925328255, 0.07527056336402893, 0.06822925806045532, 0.06615349650382996, 0.0665130689740181, 0.06677978485822678, 0.06797268986701965, 0.07006320357322693, 0.07320083677768707, 0.06343642622232437, 0.0652998760342598, 0.0668678879737854, 0.06553179025650024, 0.06575952470302582, 0.06258418411016464, 0.059486351907253265, 0.06345959007740021, 0.057650208473205566, 0.07412347942590714, 0.058622099459171295, 0.05838973820209503, 0.06945197284221649, 0.062045834958553314, 0.07167088240385056, 0.0584627129137516, 0.05879976600408554, 0.05694299563765526, 0.06243420019745827, 0.07778649032115936, 0.06684239208698273, 0.05935608595609665, 0.06894232332706451, 0.06565698236227036, 0.07212476432323456, 0.062344327569007874, 0.06209080293774605, 0.06828717142343521, 0.06735840439796448, 0.08756975829601288, 0.07102310657501221, 0.06053152680397034, 0.05483870208263397, 0.08877726644277573, 0.13902641832828522, 0.06489471346139908, 0.05953734740614891, 0.06022161617875099, 0.08730708807706833, 0.07802257686853409, 0.06360393017530441, 0.06471531838178635, 0.0552615150809288, 0.061405569314956665, 0.056234631687402725, 0.06493687629699707, 0.0614955760538578, 0.06506168097257614]
Validation Accuracy: [0.8450000286102295, 0.8690000176429749, 0.9330000281333923, 0.9549999833106995, 0.953000009059906, 0.9570000171661377, 0.9735000133514404, 0.9829999804496765, 0.9639999866485596, 0.9635000228881836, 0.9729999899864197, 0.9679999947547913, 0.9570000171661377, 0.968500018119812, 0.9739999771118164, 0.9449999928474426, 0.9794999957084656, 0.9480000138282776, 0.9639999866485596, 0.9764999747276306, 0.9714999794960022, 0.965499997138977, 0.9754999876022339, 0.968999981880188, 0.9660000205039978, 0.968500018119812, 0.9794999957084656, 0.9639999866485596, 0.9639999866485596, 0.9815000295639038, 0.9810000061988831, 0.9775000214576721, 0.9714999794960022, 0.965499997138977, 0.9775000214576721, 0.9639999866485596, 0.9819999933242798, 0.9725000262260437, 0.9785000085830688, 0.9704999923706055, 0.9704999923706055, 0.9679999947547913, 0.965499997138977, 0.9825000166893005, 0.9714999794960022, 0.9645000100135803, 0.9725000262260437, 0.972000002861023, 0.9785000085830688, 0.9829999804496765, 0.972000002861023, 0.9785000085830688, 0.9649999737739563, 0.9829999804496765, 0.9804999828338623, 0.968500018119812, 0.9775000214576721, 0.9660000205039978, 0.9819999933242798, 0.9819999933242798, 0.984000027179718, 0.9900000095367432, 0.9635000228881836, 0.9674999713897705, 0.9794999957084656, 0.9700000286102295, 0.9725000262260437, 0.9695000052452087, 0.972000002861023, 0.9760000109672546, 0.9670000076293945, 0.9769999980926514, 0.9589999914169312, 0.9660000205039978, 0.9729999899864197, 0.9800000190734863, 0.9610000252723694, 0.9440000057220459, 0.9700000286102295, 0.9760000109672546, 0.9789999723434448, 0.9610000252723694, 0.9639999866485596, 0.972000002861023, 0.9714999794960022, 0.9810000061988831, 0.984499990940094, 0.9789999723434448, 0.968999981880188, 0.9760000109672546, 0.965499997138977]
Validation F1: [0.8464852478071666, 0.8692868898926056, 0.933624215233064, 0.9550531853072909, 0.9525996614696514, 0.9566751320194321, 0.9734559026243621, 0.9830130659419316, 0.963856567799159, 0.9633357970750547, 0.9729941332879878, 0.9678921313657258, 0.9566394155073371, 0.9684145443751102, 0.9740165288782322, 0.9442061661096518, 0.9795019854453887, 0.947395298236765, 0.9638077394282482, 0.9764853410310097, 0.9714721062803519, 0.965458730838584, 0.9754996961280734, 0.968922808356002, 0.9658550072220666, 0.9684080023860626, 0.9794862782381324, 0.9637811369495375, 0.9637689199662232, 0.9815058677310114, 0.9810195325558422, 0.9774850742275621, 0.97143359287491, 0.9653660034594355, 0.9774725534786411, 0.9638472886036428, 0.9820054827926744, 0.9724427854964983, 0.9784820321538953, 0.9704150624389231, 0.9704235402914398, 0.9678943928046758, 0.9653345928274997, 0.9824958418106724, 0.9714257406250892, 0.9642798990461966, 0.9724427854964983, 0.9719382942714644, 0.9784778375632344, 0.9829945197690608, 0.9719599086643838, 0.9784819270633018, 0.9648259349137773, 0.9829993214761895, 0.9804928577074667, 0.968390893462385, 0.9774725534786411, 0.9658550072220666, 0.9819945509985664, 0.9819970797140132, 0.9839990716947483, 0.9900080464495968, 0.9632981919449419, 0.9673773249182424, 0.9794825039566504, 0.9699268878633739, 0.9724136383116083, 0.9693939508766144, 0.9719241325954848, 0.975963385914141, 0.9668785628215832, 0.9769768804748261, 0.958697874736874, 0.9658550072220666, 0.9729401089263672, 0.9799881910337096, 0.9607457580423137, 0.9431002014883938, 0.969909379045996, 0.9759687426353709, 0.97898422685769, 0.9607457580423137, 0.9637689199662232, 0.9719307450945893, 0.9714257406250892, 0.980988428441714, 0.9845023085572917, 0.97898422685769, 0.9688972994172192, 0.975963385914141, 0.9653008624432915]
Validation Precision: [0.8543642225260638, 0.8773092178469184, 0.9439745924984861, 0.9551710672709552, 0.9595078216085331, 0.9622476324302431, 0.9749963797742541, 0.9830421176123729, 0.9669059198680772, 0.9667406408833104, 0.9734867105912991, 0.9705337418485724, 0.9626792584327855, 0.9714511428154226, 0.9742317104346905, 0.9541755597886854, 0.9798433605332482, 0.9556684716761862, 0.9677225564133939, 0.9771808354971077, 0.9724669310157995, 0.9670371115102625, 0.9758214324063138, 0.9715945102388444, 0.96903618736795, 0.9707360425930801, 0.9801883448838412, 0.9692226669475458, 0.9693538676046519, 0.9817140498670562, 0.9812505454938142, 0.978247459675545, 0.9732893356347515, 0.9684506138605248, 0.9785493302285213, 0.9670023923470664, 0.9821211638768296, 0.974125878241659, 0.9792993541478695, 0.9726485549779195, 0.9724598503880211, 0.9704163382299348, 0.9688806362569119, 0.9829035046934789, 0.9734699768745213, 0.9697152535196358, 0.974125878241659, 0.9737067182345638, 0.9794220303849577, 0.9834469944988218, 0.9738448911903069, 0.9792138225587265, 0.9684930282575688, 0.9832887013484028, 0.9810441892768101, 0.9710263284206624, 0.9785493302285213, 0.96903618736795, 0.9824458696394295, 0.9824109181213889, 0.9842889510986527, 0.9900345304847297, 0.96733967015757, 0.9702253256996615, 0.9803024975810997, 0.9726590909090909, 0.9757139413066825, 0.9720399445372853, 0.9748563044769817, 0.9772545939422289, 0.9697327391275713, 0.9779181955101551, 0.9639622163016633, 0.96903618736795, 0.9747152803096079, 0.9806358142225162, 0.9654482950056583, 0.9539269302596267, 0.9722404399401339, 0.9771108886462, 0.9797428631490436, 0.9654482950056583, 0.9693538676046519, 0.9738833091001465, 0.9734699768745213, 0.9816380163145039, 0.9852902809894192, 0.9797428631490436, 0.9714293390393238, 0.9772545939422289, 0.97044265850236]
Validation Recall: [0.845, 0.869, 0.933, 0.955, 0.953, 0.957, 0.9735, 0.983, 0.964, 0.9635, 0.973, 0.968, 0.957, 0.9685, 0.974, 0.945, 0.9795, 0.948, 0.964, 0.9765, 0.9715, 0.9655, 0.9755, 0.969, 0.966, 0.9685, 0.9795, 0.964, 0.964, 0.9815, 0.981, 0.9775, 0.9715, 0.9655, 0.9775, 0.964, 0.982, 0.9725, 0.9785, 0.9705, 0.9705, 0.968, 0.9655, 0.9825, 0.9715, 0.9645, 0.9725, 0.972, 0.9785, 0.983, 0.972, 0.9785, 0.965, 0.983, 0.9805, 0.9685, 0.9775, 0.966, 0.982, 0.982, 0.984, 0.99, 0.9635, 0.9675, 0.9795, 0.97, 0.9725, 0.9695, 0.972, 0.976, 0.967, 0.977, 0.959, 0.966, 0.973, 0.98, 0.961, 0.944, 0.97, 0.976, 0.979, 0.961, 0.964, 0.972, 0.9715, 0.981, 0.9845, 0.979, 0.969, 0.976, 0.9655]
Validation Loss Min: 0.0548
Validation Accuracy Max: 0.9900
Validation F1 Max: 0.9900

--- MODEL CONFIGURATION ---
FIRST LAYER NODES: 256
HIDDEN LAYERS: 2
PATIENCE: 15
MAX EPOCHS: 100
EPOCHS RUN: 90

--- CLASSIFICATION REPORT ---
              precision    recall  f1-score   support

           0       1.00      1.00      1.00       300
           1       0.96      0.97      0.97       200
           2       0.99      0.99      0.99       200
           3       0.96      0.96      0.96       200
           4       0.99      0.99      0.99       100

    accuracy                           0.98      1000
   macro avg       0.98      0.98      0.98      1000
weighted avg       0.98      0.98      0.98      1000

VALIDATION MACRO F1: 0.9798
