PARAMS: {'batch_size': 64, 'learning_rate': 0.01, 'dropout_rate': 0.4, 'n_hidden_layers': 2, 'first_layer_nodes': 256, 'epochs': 100, 'patience': 15}
ACCURACY:  0.9690
F1 SCORE:  0.9690
MACRO F1-SCORE: 0.9680
PRECISION: 0.9697
RECALL:    0.9690
TEST LOSS: 0.1115
Validation Loss: [0.2688012421131134, 0.1716511994600296, 0.13017538189888, 0.11308980733156204, 0.1282430738210678, 0.10257098823785782, 0.14060796797275543, 0.15840177237987518, 0.2083667665719986, 0.19497592747211456, 0.24829933047294617, 0.23332567512989044, 0.3262450397014618, 0.20293699204921722, 0.15350106358528137, 0.21706826984882355, 0.21431246399879456, 0.15572646260261536, 0.21334579586982727, 0.24544548988342285, 0.24412699043750763]
Validation Accuracy: [0.9089999794960022, 0.9334999918937683, 0.9524999856948853, 0.9610000252723694, 0.9394999742507935, 0.9674999713897705, 0.9309999942779541, 0.9154999852180481, 0.8889999985694885, 0.906000018119812, 0.8859999775886536, 0.890500009059906, 0.8855000138282776, 0.9049999713897705, 0.9275000095367432, 0.906000018119812, 0.9049999713897705, 0.9294999837875366, 0.9125000238418579, 0.8914999961853027, 0.9035000205039978]
Validation F1: [0.905864731179076, 0.9321542649047259, 0.9520394921883518, 0.9609725716484552, 0.9384482883689275, 0.9673854748255192, 0.9292524278351785, 0.9121379312991139, 0.8803410275854401, 0.9012355305211549, 0.8774133212274933, 0.8825810176844522, 0.8757382676727479, 0.9008409097301253, 0.9254503200860595, 0.9012355305211549, 0.9004071376332119, 0.9276286410291589, 0.908797366098929, 0.890256803751578, 0.8991864746307626]
Validation Precision: [0.91800763176597, 0.9464903684142796, 0.959013331728849, 0.9621545942323924, 0.9502590752685485, 0.9701324081126061, 0.9459574512139431, 0.9377134747524056, 0.9261714822740114, 0.9323049657560293, 0.924060830882436, 0.9260612770999792, 0.9256551575758815, 0.929426223929108, 0.9439258636439634, 0.9323049657560293, 0.9313478332509474, 0.9450883947318782, 0.9354438301040857, 0.9255769274583945, 0.9284260006753662]
Validation Recall: [0.909, 0.9335, 0.9525, 0.961, 0.9395, 0.9675, 0.931, 0.9155, 0.889, 0.906, 0.886, 0.8905, 0.8855, 0.905, 0.9275, 0.906, 0.905, 0.9295, 0.9125, 0.8915, 0.9035]
Validation Loss Min: 0.1026
Validation Accuracy Max: 0.9675
Validation F1 Max: 0.9674

--- MODEL CONFIGURATION ---
FIRST LAYER NODES: 256
HIDDEN LAYERS: 2
PATIENCE: 15
MAX EPOCHS: 100
EPOCHS RUN: 20

--- CLASSIFICATION REPORT ---
              precision    recall  f1-score   support

           0       1.00      0.99      0.99       300
           1       0.96      0.91      0.94       200
           2       0.99      0.99      0.99       200
           3       0.91      0.96      0.94       200
           4       0.97      0.99      0.98       100

    accuracy                           0.97      1000
   macro avg       0.97      0.97      0.97      1000
weighted avg       0.97      0.97      0.97      1000

VALIDATION MACRO F1: 0.9671
