PARAMS: {'batch_size': 64, 'learning_rate': 0.001, 'dropout_rate': 0.4, 'n_hidden_layers': 3, 'first_layer_nodes': 256, 'epochs': 100, 'patience': 15}
ACCURACY:  0.9880
F1 SCORE:  0.9880
MACRO F1-SCORE: 0.9880
PRECISION: 0.9883
RECALL:    0.9880
TEST LOSS: 0.0736
Validation Loss: [0.41413426399230957, 0.19067077338695526, 0.1420677900314331, 0.1316121220588684, 0.1059274673461914, 0.10500088334083557, 0.08842167258262634, 0.08981958031654358, 0.08583135157823563, 0.07487022876739502, 0.12185453623533249, 0.08187362551689148, 0.07508266717195511, 0.08328516036272049, 0.09486587345600128, 0.08137886226177216, 0.07575340569019318, 0.1006641536951065, 0.09484624117612839, 0.0728326365351677, 0.12868621945381165, 0.07423071563243866, 0.07168678939342499, 0.11245771497488022, 0.06714394688606262, 0.08295240998268127, 0.06426677852869034, 0.09381964057683945, 0.06875413656234741, 0.07254952192306519, 0.07847333699464798, 0.08479534834623337, 0.06610654294490814, 0.07219982892274857, 0.11874191462993622, 0.06316352635622025, 0.0881357491016388, 0.10451256483793259, 0.0943693071603775, 0.0639384463429451, 0.07048238068819046, 0.07694708555936813, 0.08163165301084518, 0.08615946769714355, 0.08043749630451202, 0.07447817176580429, 0.06622492522001266, 0.06995373219251633, 0.08949793130159378, 0.06417578458786011, 0.0593576654791832, 0.06998259574174881, 0.06231743469834328, 0.06378187984228134, 0.07744008302688599, 0.0710768923163414, 0.08321283757686615, 0.0670778751373291, 0.0899224504828453, 0.08277343213558197, 0.06454192101955414, 0.07073985040187836, 0.08811277151107788, 0.07511776685714722, 0.06579136103391647, 0.06345514208078384]
Validation Accuracy: [0.859499990940094, 0.9545000195503235, 0.953499972820282, 0.9789999723434448, 0.9620000123977661, 0.9555000066757202, 0.9614999890327454, 0.9629999995231628, 0.9674999713897705, 0.9735000133514404, 0.949999988079071, 0.9639999866485596, 0.9754999876022339, 0.9624999761581421, 0.9624999761581421, 0.9635000228881836, 0.9645000100135803, 0.9599999785423279, 0.9585000276565552, 0.9649999737739563, 0.9480000138282776, 0.9714999794960022, 0.9700000286102295, 0.9440000057220459, 0.9860000014305115, 0.9639999866485596, 0.9714999794960022, 0.9585000276565552, 0.972000002861023, 0.9764999747276306, 0.9829999804496765, 0.9610000252723694, 0.9810000061988831, 0.9695000052452087, 0.9564999938011169, 0.9810000061988831, 0.9610000252723694, 0.9480000138282776, 0.9564999938011169, 0.9810000061988831, 0.9700000286102295, 0.9639999866485596, 0.9639999866485596, 0.9610000252723694, 0.9635000228881836, 0.984499990940094, 0.9760000109672546, 0.968500018119812, 0.9605000019073486, 0.9750000238418579, 0.9860000014305115, 0.972000002861023, 0.9785000085830688, 0.9760000109672546, 0.9645000100135803, 0.9660000205039978, 0.9645000100135803, 0.9769999980926514, 0.9645000100135803, 0.9614999890327454, 0.972000002861023, 0.9710000157356262, 0.9599999785423279, 0.9710000157356262, 0.984000027179718, 0.9815000295639038]
Validation F1: [0.8602931340211171, 0.9543345532566896, 0.9535401519215418, 0.9790120629996004, 0.9619532763457426, 0.9551333415885228, 0.9613214684095368, 0.9629391309343772, 0.9674201485842815, 0.973492895384647, 0.9494018042042736, 0.9639601422641271, 0.9754710450629765, 0.9623023546834174, 0.9622608910710424, 0.9634604459667996, 0.9643643325438627, 0.9596835478754056, 0.9581991126402147, 0.9648602603344698, 0.9473184516850013, 0.9714407195324657, 0.9699139735021967, 0.9430317469115218, 0.9859999345965534, 0.963958395377145, 0.9714364550038694, 0.9581958226940168, 0.9719589922205917, 0.9764757785570073, 0.9829970223890515, 0.9607723495290724, 0.9809923686022919, 0.9694125891287574, 0.9562040733834347, 0.9809907091283387, 0.96077390571101, 0.9473184516850013, 0.956145603069805, 0.9809943831396384, 0.9699181794502693, 0.9637938333540751, 0.9638213764395015, 0.96077042569062, 0.9633089773315892, 0.9845086258348758, 0.9759687426353709, 0.968390893462385, 0.960234296971365, 0.9750158874921775, 0.9860020546926156, 0.9719534451105775, 0.9784990966226653, 0.9759695768665363, 0.9643259311047557, 0.9658619495939776, 0.9643259311047557, 0.9769745406536665, 0.9642798990461966, 0.9612689287700932, 0.9718874071521612, 0.9708921622424173, 0.95972249942533, 0.9709207640095076, 0.9839990716947483, 0.9814957889019074]
Validation Precision: [0.868432547877325, 0.9596191324872412, 0.954960797771708, 0.9793225355412709, 0.9638341073926396, 0.9610859116309893, 0.9649281031574867, 0.9649673041258929, 0.9702144751799924, 0.9739792971633893, 0.9576900186866102, 0.9654478694114612, 0.976442531252918, 0.9661461592079512, 0.9680136929114135, 0.9650492062438644, 0.9673036353005182, 0.9663739177265007, 0.9634696297295733, 0.967922133615508, 0.9563322534344025, 0.9739312220381406, 0.972220537482937, 0.9556778135911899, 0.9861268490826569, 0.9655369397462785, 0.9731654673427388, 0.9635769708403604, 0.9739478255921233, 0.9774879302009056, 0.9833632193822448, 0.9649977592856497, 0.9815265733814295, 0.9716373190228633, 0.9619546652003634, 0.9814660413409761, 0.9650622736050235, 0.9563322534344025, 0.9620068428861235, 0.981497711966471, 0.9720477218721294, 0.9690978604514373, 0.9674732566558528, 0.9651557210763947, 0.9672299698413039, 0.984808431618133, 0.9771108886462, 0.9710263284206624, 0.9650745554179123, 0.9750580431177446, 0.9861660760514694, 0.9740286360923983, 0.9788227813271771, 0.9770111580611235, 0.9679402427423047, 0.9688807177940865, 0.9679402427423047, 0.9779805167729958, 0.9697152535196358, 0.9657076908192201, 0.9749838609127925, 0.9737400597202578, 0.9647023027620044, 0.9738414169255086, 0.9842889510986527, 0.9819532830673394]
Validation Recall: [0.8595, 0.9545, 0.9535, 0.979, 0.962, 0.9555, 0.9615, 0.963, 0.9675, 0.9735, 0.95, 0.964, 0.9755, 0.9625, 0.9625, 0.9635, 0.9645, 0.96, 0.9585, 0.965, 0.948, 0.9715, 0.97, 0.944, 0.986, 0.964, 0.9715, 0.9585, 0.972, 0.9765, 0.983, 0.961, 0.981, 0.9695, 0.9565, 0.981, 0.961, 0.948, 0.9565, 0.981, 0.97, 0.964, 0.964, 0.961, 0.9635, 0.9845, 0.976, 0.9685, 0.9605, 0.975, 0.986, 0.972, 0.9785, 0.976, 0.9645, 0.966, 0.9645, 0.977, 0.9645, 0.9615, 0.972, 0.971, 0.96, 0.971, 0.984, 0.9815]
Validation Loss Min: 0.0594
Validation Accuracy Max: 0.9860
Validation F1 Max: 0.9860

--- MODEL CONFIGURATION ---
FIRST LAYER NODES: 256
HIDDEN LAYERS: 3
PATIENCE: 15
MAX EPOCHS: 100
EPOCHS RUN: 65

--- CLASSIFICATION REPORT ---
              precision    recall  f1-score   support

           0       1.00      1.00      1.00       300
           1       0.96      0.99      0.98       200
           2       1.00      0.99      1.00       200
           3       0.99      0.95      0.97       200
           4       0.99      0.99      0.99       100

    accuracy                           0.99      1000
   macro avg       0.99      0.99      0.99      1000
weighted avg       0.99      0.99      0.99      1000

VALIDATION MACRO F1: 0.9858
