PARAMS: {'batch_size': 128, 'learning_rate': 0.01, 'dropout_rate': 0.4, 'n_hidden_layers': 2, 'first_layer_nodes': 64, 'epochs': 100, 'patience': 15}
ACCURACY:  0.9600
F1 SCORE:  0.9600
MACRO F1-SCORE: 0.9600
PRECISION: 0.9622
RECALL:    0.9600
TEST LOSS: 0.1155
Validation Loss: [0.41154050827026367, 0.19312086701393127, 0.16991984844207764, 0.14390802383422852, 0.1317836046218872, 0.15064093470573425, 0.1938168704509735, 0.25487104058265686, 0.1486484408378601, 0.19924931228160858, 0.18772989511489868, 0.22910712659358978, 0.260897696018219, 0.2627297639846802, 0.21965429186820984, 0.320212721824646, 0.2919958531856537, 0.0969889834523201, 0.34036436676979065, 0.3503977656364441, 0.284726619720459, 0.2804144024848938, 0.3023259937763214, 0.19975623488426208, 0.15834017097949982, 0.22700263559818268, 0.3210195004940033, 0.21771812438964844, 0.2774354815483093, 0.311977744102478, 0.21900226175785065, 0.1719888597726822, 0.2735357880592346]
Validation Accuracy: [0.8040000200271606, 0.9514999985694885, 0.9125000238418579, 0.9480000138282776, 0.9495000243186951, 0.940500020980835, 0.9265000224113464, 0.8859999775886536, 0.9330000281333923, 0.8914999961853027, 0.9070000052452087, 0.8949999809265137, 0.8920000195503235, 0.8895000219345093, 0.8920000195503235, 0.8870000243186951, 0.8889999985694885, 0.9545000195503235, 0.8815000057220459, 0.8774999976158142, 0.8964999914169312, 0.8920000195503235, 0.8884999752044678, 0.9100000262260437, 0.9225000143051147, 0.906000018119812, 0.8845000267028809, 0.906000018119812, 0.890500009059906, 0.8920000195503235, 0.9049999713897705, 0.9279999732971191, 0.890999972820282]
Validation F1: [0.7706316141799173, 0.9515862536037251, 0.9089388365068526, 0.9473667842028703, 0.9489042735511836, 0.939520667102903, 0.9246248138711118, 0.8784789253399857, 0.931387683811499, 0.883332540546729, 0.9022322420281595, 0.8877990886762258, 0.8851631789624731, 0.881092039471107, 0.8849912308777808, 0.8776942783509513, 0.8803410275854401, 0.9541187184665821, 0.8706551995597195, 0.8654166320285833, 0.8900515089749195, 0.8840724685488578, 0.8795855835643938, 0.9057861428824702, 0.9199542551638826, 0.9013202674475245, 0.8745218279619202, 0.9011505989844002, 0.8823473007202209, 0.8840724685488578, 0.9001638246288021, 0.925948269496405, 0.8837696224672572]
Validation Precision: [0.7445585136540659, 0.9516874423386676, 0.9350730662635424, 0.9560378990305799, 0.9572022851841959, 0.951509126391184, 0.9426809666489316, 0.9201301184329567, 0.9470374174268791, 0.927554273338455, 0.9332852858305337, 0.9282448817532, 0.9263678296639489, 0.9261277274142516, 0.9258443958471513, 0.9255636706263719, 0.9261714822740114, 0.9605122917057263, 0.924994152958603, 0.9234266972575952, 0.927953132472501, 0.927510202480322, 0.9262222944112366, 0.9345859308385722, 0.9410852408821802, 0.9320761060056605, 0.9261959105290497, 0.9325392852966854, 0.9264598673903408, 0.927510202480322, 0.9314598335359581, 0.9444135971463776, 0.9253810753674637]
Validation Recall: [0.804, 0.9515, 0.9125, 0.948, 0.9495, 0.9405, 0.9265, 0.886, 0.933, 0.8915, 0.907, 0.895, 0.892, 0.8895, 0.892, 0.887, 0.889, 0.9545, 0.8815, 0.8775, 0.8965, 0.892, 0.8885, 0.91, 0.9225, 0.906, 0.8845, 0.906, 0.8905, 0.892, 0.905, 0.928, 0.891]
Validation Loss Min: 0.0970
Validation Accuracy Max: 0.9545
Validation F1 Max: 0.9541

--- MODEL CONFIGURATION ---
FIRST LAYER NODES: 64
HIDDEN LAYERS: 2
PATIENCE: 15
MAX EPOCHS: 100
EPOCHS RUN: 32

--- CLASSIFICATION REPORT ---
              precision    recall  f1-score   support

           0       1.00      0.99      0.99       300
           1       0.96      0.86      0.91       200
           2       0.99      0.99      0.99       200
           3       0.87      0.97      0.92       200
           4       0.98      0.99      0.99       100

    accuracy                           0.96      1000
   macro avg       0.96      0.96      0.96      1000
weighted avg       0.96      0.96      0.96      1000

VALIDATION MACRO F1: 0.9533
