PARAMS: {'batch_size': 32, 'learning_rate': 0.001, 'dropout_rate': 0.2, 'n_hidden_layers': 3, 'first_layer_nodes': 256, 'epochs': 100, 'patience': 15}
ACCURACY:  0.9810
F1 SCORE:  0.9810
MACRO F1-SCORE: 0.9800
PRECISION: 0.9810
RECALL:    0.9810
TEST LOSS: 0.0702
Validation Loss: [0.201764777302742, 0.11086884886026382, 0.10932791233062744, 0.09339591860771179, 0.09211717545986176, 0.0840388834476471, 0.08789680898189545, 0.08577000349760056, 0.11269088834524155, 0.06896522641181946, 0.10440874844789505, 0.0752694308757782, 0.09542562812566757, 0.0635678693652153, 0.08300536125898361, 0.07221505790948868, 0.06478534638881683, 0.06782986968755722, 0.07459637522697449, 0.06665609776973724, 0.07121175527572632, 0.07257326692342758, 0.08689949661493301, 0.06838361918926239, 0.06824301928281784, 0.07016259431838989, 0.06478893756866455, 0.144917830824852, 0.05936284735798836, 0.07159548252820969, 0.06853251904249191, 0.06623291224241257, 0.08234097063541412, 0.06913812458515167, 0.06425456702709198, 0.1020432636141777, 0.0860108807682991, 0.07716736942529678, 0.07082948833703995, 0.06974951922893524, 0.10104162991046906, 0.07765951752662659, 0.06327015906572342, 0.08213327080011368]
Validation Accuracy: [0.9315000176429749, 0.9555000066757202, 0.9614999890327454, 0.9649999737739563, 0.9599999785423279, 0.9635000228881836, 0.9605000019073486, 0.9614999890327454, 0.9495000243186951, 0.9785000085830688, 0.9545000195503235, 0.9704999923706055, 0.9589999914169312, 0.9794999957084656, 0.9620000123977661, 0.9739999771118164, 0.9789999723434448, 0.9695000052452087, 0.9679999947547913, 0.9760000109672546, 0.9660000205039978, 0.9704999923706055, 0.9624999761581421, 0.9764999747276306, 0.9714999794960022, 0.9739999771118164, 0.9725000262260437, 0.9449999928474426, 0.9769999980926514, 0.9704999923706055, 0.9725000262260437, 0.9775000214576721, 0.9635000228881836, 0.968999981880188, 0.972000002861023, 0.9495000243186951, 0.9610000252723694, 0.9779999852180481, 0.968500018119812, 0.9660000205039978, 0.9539999961853027, 0.9649999737739563, 0.984000027179718, 0.9645000100135803]
Validation F1: [0.9321067859115294, 0.9554324873207034, 0.9614936841672634, 0.9648387616430179, 0.9597748044094212, 0.9633571032131497, 0.9602124854165616, 0.9612842668026041, 0.9488588657364642, 0.9784820321538953, 0.954085860554362, 0.9704235402914398, 0.958715967340155, 0.9794961134912509, 0.9617830288992634, 0.9739550462218218, 0.9790087970890348, 0.9694180733370438, 0.96790762529106, 0.9759778291466619, 0.9658550072220666, 0.9704235402914398, 0.9624636370220462, 0.9764960019410768, 0.9714183138059821, 0.9739550462218218, 0.9724427854964983, 0.9441516712300693, 0.9769696679129544, 0.9704150624389231, 0.9724427854964983, 0.9774765130123383, 0.963283187539192, 0.9689420627896053, 0.9719382942714644, 0.9488310928428796, 0.9607571996583499, 0.9779796893840637, 0.9684080023860626, 0.9658619495939776, 0.9535290041464548, 0.9647905448610797, 0.9840006055933085, 0.9643169854310731]
Validation Precision: [0.9453085906845774, 0.9574137871363091, 0.9625071106497146, 0.9682515340915558, 0.9640745401026093, 0.9662282441816059, 0.9664587050826191, 0.9654428780425451, 0.9575801434323684, 0.9792993541478695, 0.9604938921370377, 0.9724598503880211, 0.9636743517340532, 0.9799008431582856, 0.9659354646146351, 0.9753941552761517, 0.9791106943636831, 0.9724666865941076, 0.9701949005150625, 0.9770001966984915, 0.96903618736795, 0.9724598503880211, 0.9638754103650932, 0.9775539208635343, 0.974462550447297, 0.9753941552761517, 0.974125878241659, 0.9545802284259765, 0.9781158570292171, 0.9726485549779195, 0.974125878241659, 0.978492130037927, 0.9687349334451314, 0.9712412893962193, 0.9737067182345638, 0.9591647377688094, 0.965266058625567, 0.9788578031393483, 0.9707360425930801, 0.9688807177940865, 0.9606830440210401, 0.9700781805259416, 0.9842183090371964, 0.9681070053927131]
Validation Recall: [0.9315, 0.9555, 0.9615, 0.965, 0.96, 0.9635, 0.9605, 0.9615, 0.9495, 0.9785, 0.9545, 0.9705, 0.959, 0.9795, 0.962, 0.974, 0.979, 0.9695, 0.968, 0.976, 0.966, 0.9705, 0.9625, 0.9765, 0.9715, 0.974, 0.9725, 0.945, 0.977, 0.9705, 0.9725, 0.9775, 0.9635, 0.969, 0.972, 0.9495, 0.961, 0.978, 0.9685, 0.966, 0.954, 0.965, 0.984, 0.9645]
Validation Loss Min: 0.0594
Validation Accuracy Max: 0.9840
Validation F1 Max: 0.9840

--- MODEL CONFIGURATION ---
FIRST LAYER NODES: 256
HIDDEN LAYERS: 3
PATIENCE: 15
MAX EPOCHS: 100
EPOCHS RUN: 43

--- CLASSIFICATION REPORT ---
              precision    recall  f1-score   support

           0       1.00      0.99      1.00       300
           1       0.96      0.96      0.96       200
           2       0.99      0.99      0.99       200
           3       0.96      0.96      0.96       200
           4       0.99      0.99      0.99       100

    accuracy                           0.98      1000
   macro avg       0.98      0.98      0.98      1000
weighted avg       0.98      0.98      0.98      1000

VALIDATION MACRO F1: 0.9768
