PARAMS: {'batch_size': 64, 'learning_rate': 0.001, 'dropout_rate': 0.3, 'n_hidden_layers': 3, 'first_layer_nodes': 128, 'epochs': 100, 'patience': 15}
ACCURACY:  0.9850
F1 SCORE:  0.9850
MACRO F1-SCORE: 0.9840
PRECISION: 0.9851
RECALL:    0.9850
TEST LOSS: 0.0711
Validation Loss: [0.5101767778396606, 0.29433348774909973, 0.17919114232063293, 0.1341342031955719, 0.1021241620182991, 0.0897526815533638, 0.0897856205701828, 0.08480764180421829, 0.1185380294919014, 0.07718808948993683, 0.09020041674375534, 0.12695476412773132, 0.06912800669670105, 0.07047432661056519, 0.07024891674518585, 0.0964060053229332, 0.069351926445961, 0.11356430500745773, 0.06558988988399506, 0.08547428995370865, 0.06898630410432816, 0.07593724131584167, 0.06945931911468506, 0.08411617577075958, 0.06379963457584381, 0.07726959884166718, 0.10611382871866226, 0.08162800967693329, 0.06973940134048462, 0.07333850860595703, 0.06117583066225052, 0.08702830970287323, 0.060013074427843094, 0.06747985631227493, 0.07835780829191208, 0.09363332390785217, 0.07248145341873169, 0.06500500440597534, 0.0724753588438034, 0.11527633666992188, 0.06633582711219788, 0.08159814774990082, 0.06514012813568115, 0.05937478318810463, 0.06828772276639938, 0.07551674544811249, 0.07416580617427826, 0.07083439081907272, 0.0699402466416359, 0.08059405535459518, 0.09686156362295151, 0.05805034562945366, 0.0920652374625206, 0.058660343289375305, 0.11766582727432251, 0.07918394356966019, 0.08203281462192535, 0.0849963054060936, 0.06342927366495132, 0.06302566826343536, 0.06455535441637039, 0.07870569825172424, 0.1063307598233223, 0.06207448989152908, 0.07430532574653625, 0.08960724622011185, 0.07096938788890839]
Validation Accuracy: [0.7885000109672546, 0.8895000219345093, 0.9445000290870667, 0.9869999885559082, 0.968999981880188, 0.9695000052452087, 0.968500018119812, 0.9639999866485596, 0.949999988079071, 0.9679999947547913, 0.9620000123977661, 0.9409999847412109, 0.9764999747276306, 0.9769999980926514, 0.9810000061988831, 0.9614999890327454, 0.9829999804496765, 0.9520000219345093, 0.9884999990463257, 0.9620000123977661, 0.9900000095367432, 0.9635000228881836, 0.9819999933242798, 0.9620000123977661, 0.9764999747276306, 0.9639999866485596, 0.9570000171661377, 0.9620000123977661, 0.9660000205039978, 0.9664999842643738, 0.9760000109672546, 0.9595000147819519, 0.9789999723434448, 0.9635000228881836, 0.9649999737739563, 0.9595000147819519, 0.9629999995231628, 0.9729999899864197, 0.9674999713897705, 0.9555000066757202, 0.9825000166893005, 0.9649999737739563, 0.9729999899864197, 0.984499990940094, 0.9779999852180481, 0.9639999866485596, 0.9635000228881836, 0.9710000157356262, 0.9725000262260437, 0.9645000100135803, 0.9610000252723694, 0.984000027179718, 0.9570000171661377, 0.9825000166893005, 0.9490000009536743, 0.9660000205039978, 0.9624999761581421, 0.9649999737739563, 0.9779999852180481, 0.9779999852180481, 0.9729999899864197, 0.9649999737739563, 0.9480000138282776, 0.9639999866485596, 0.9700000286102295, 0.9624999761581421, 0.9660000205039978]
Validation F1: [0.7556376621760521, 0.8887845266274409, 0.9440766522237599, 0.9870151282130284, 0.9689770447612689, 0.969424283341479, 0.968367122377934, 0.9638745192155443, 0.9494227927574843, 0.96790762529106, 0.9617492303206883, 0.9400215700416059, 0.9764877854192643, 0.9769745406536665, 0.9809964519752657, 0.9612747270722939, 0.9830051912630836, 0.9514780145979708, 0.988509257192004, 0.9617926638384047, 0.9900072989880618, 0.963257602578047, 0.9820129958759805, 0.9617943132334101, 0.9764757785570073, 0.9638296216759947, 0.9566395023328305, 0.9617830288992634, 0.965823989954729, 0.96635105370743, 0.9759695768665363, 0.9592229536842649, 0.9789914261563961, 0.963257602578047, 0.9649113223951091, 0.9592237373286707, 0.9627722084592185, 0.9729523945731926, 0.967407642508426, 0.9550781488982509, 0.9825025792380161, 0.9648387616430179, 0.9729492093314, 0.984507444656883, 0.9779877162177009, 0.9638345591717139, 0.963257602578047, 0.9709205146847631, 0.9724136383116083, 0.9643259311047557, 0.9607581255710631, 0.9839990716947483, 0.9566443651664641, 0.9824931764677539, 0.9483377452215472, 0.9658639528697809, 0.9622608910710424, 0.9647905448610797, 0.9779877162177009, 0.9780149965693175, 0.9729482619636619, 0.9648259349137773, 0.9472108949430148, 0.9637689199662232, 0.9699002060297629, 0.9622895759147486, 0.9658108568147286]
Validation Precision: [0.7403328844828617, 0.8974500735129654, 0.9534723210811529, 0.9871385448649395, 0.9697647560944993, 0.9714284593555278, 0.9716779312828516, 0.9665435381816613, 0.9576223612759841, 0.9701949005150625, 0.9676553598766912, 0.9523271468703128, 0.9770622512410386, 0.9779805167729958, 0.9812331244388237, 0.9664460694515234, 0.9831498972468836, 0.9590684845239414, 0.9886599103481376, 0.9657618191486668, 0.9900685958947947, 0.9689940129859178, 0.9824169282391547, 0.9658250088119696, 0.9774879302009056, 0.9673085546008702, 0.9626090829941889, 0.9659354646146351, 0.9705201526927574, 0.9696606530960771, 0.9770111580611235, 0.9641429140888509, 0.9795334995793458, 0.9689940129859178, 0.9672634956628099, 0.9642097161899142, 0.9683735475301476, 0.9744769968233276, 0.9696148471127508, 0.9617413651409958, 0.9826943699415606, 0.9682515340915558, 0.9744308103559626, 0.9845417692681374, 0.9786314100385416, 0.9672332274554003, 0.9689940129859178, 0.9730583964122154, 0.9757139413066825, 0.9679402427423047, 0.96533094553695, 0.9842889510986527, 0.9624994294582137, 0.9829916737104575, 0.9572418513635942, 0.9689383473629392, 0.9680136929114135, 0.9700781805259416, 0.9786314100385416, 0.9780519739631394, 0.975346665974625, 0.9684930282575688, 0.9585482132083123, 0.9693538676046519, 0.9724423398487129, 0.9664657489769205, 0.9708086974122961]
Validation Recall: [0.7885, 0.8895, 0.9445, 0.987, 0.969, 0.9695, 0.9685, 0.964, 0.95, 0.968, 0.962, 0.941, 0.9765, 0.977, 0.981, 0.9615, 0.983, 0.952, 0.9885, 0.962, 0.99, 0.9635, 0.982, 0.962, 0.9765, 0.964, 0.957, 0.962, 0.966, 0.9665, 0.976, 0.9595, 0.979, 0.9635, 0.965, 0.9595, 0.963, 0.973, 0.9675, 0.9555, 0.9825, 0.965, 0.973, 0.9845, 0.978, 0.964, 0.9635, 0.971, 0.9725, 0.9645, 0.961, 0.984, 0.957, 0.9825, 0.949, 0.966, 0.9625, 0.965, 0.978, 0.978, 0.973, 0.965, 0.948, 0.964, 0.97, 0.9625, 0.966]
Validation Loss Min: 0.0581
Validation Accuracy Max: 0.9900
Validation F1 Max: 0.9900

--- MODEL CONFIGURATION ---
FIRST LAYER NODES: 128
HIDDEN LAYERS: 3
PATIENCE: 15
MAX EPOCHS: 100
EPOCHS RUN: 66

--- CLASSIFICATION REPORT ---
              precision    recall  f1-score   support

           0       1.00      1.00      1.00       300
           1       0.96      0.97      0.97       200
           2       1.00      0.99      1.00       200
           3       0.96      0.96      0.96       200
           4       1.00      0.99      0.99       100

    accuracy                           0.98      1000
   macro avg       0.99      0.98      0.98      1000
weighted avg       0.99      0.98      0.99      1000

VALIDATION MACRO F1: 0.9838
