PARAMS: {'batch_size': 32, 'learning_rate': 0.001, 'dropout_rate': 0.2, 'n_hidden_layers': 3, 'first_layer_nodes': 128, 'epochs': 100, 'patience': 15}
ACCURACY:  0.9830
F1 SCORE:  0.9830
MACRO F1-SCORE: 0.9800
PRECISION: 0.9830
RECALL:    0.9830
TEST LOSS: 0.0721
Validation Loss: [0.424326628446579, 0.1806236207485199, 0.130214124917984, 0.09035226702690125, 0.0848383828997612, 0.0817173421382904, 0.09044009447097778, 0.07647402584552765, 0.07142628729343414, 0.06764224171638489, 0.07471147924661636, 0.07541394978761673, 0.08358175307512283, 0.07233928143978119, 0.06568299978971481, 0.07020517438650131, 0.07840991765260696, 0.07474549114704132, 0.0682707130908966, 0.060571447014808655, 0.13210108876228333, 0.061773624271154404, 0.07521149516105652, 0.0592816099524498, 0.08364032208919525, 0.07336262613534927, 0.07144109159708023, 0.0649057999253273, 0.09307663142681122, 0.07102502882480621, 0.0642634853720665, 0.07954776287078857, 0.06931382417678833, 0.06625182926654816, 0.10159070044755936, 0.05966510623693466, 0.0752226710319519, 0.06537556648254395, 0.058271512389183044, 0.06967516243457794, 0.08329802006483078, 0.08582401275634766, 0.06454259902238846, 0.07054746150970459, 0.06373721361160278, 0.07921105623245239, 0.05912305414676666, 0.0938073918223381, 0.06510182470083237, 0.06904201954603195, 0.06830568611621857, 0.06189112737774849, 0.07781104743480682, 0.05959191918373108]
Validation Accuracy: [0.7894999980926514, 0.9480000138282776, 0.9559999704360962, 0.9695000052452087, 0.9639999866485596, 0.9695000052452087, 0.9629999995231628, 0.9670000076293945, 0.968999981880188, 0.9789999723434448, 0.965499997138977, 0.9725000262260437, 0.9635000228881836, 0.9789999723434448, 0.9754999876022339, 0.9769999980926514, 0.9629999995231628, 0.9639999866485596, 0.9639999866485596, 0.9819999933242798, 0.9524999856948853, 0.9710000157356262, 0.965499997138977, 0.9909999966621399, 0.9629999995231628, 0.9735000133514404, 0.9695000052452087, 0.9825000166893005, 0.9589999914169312, 0.9710000157356262, 0.9815000295639038, 0.968500018119812, 0.9760000109672546, 0.9760000109672546, 0.9570000171661377, 0.9815000295639038, 0.9725000262260437, 0.9670000076293945, 0.9804999828338623, 0.965499997138977, 0.965499997138977, 0.9645000100135803, 0.9810000061988831, 0.9664999842643738, 0.9704999923706055, 0.9624999761581421, 0.9800000190734863, 0.9610000252723694, 0.9785000085830688, 0.9725000262260437, 0.965499997138977, 0.9850000143051147, 0.9649999737739563, 0.9769999980926514]
Validation F1: [0.7563831465811937, 0.9478784663796156, 0.956086905471147, 0.9694798491622003, 0.9638949230030192, 0.9694349413215946, 0.9627225976284501, 0.9669214809066934, 0.9689341255987106, 0.9789999659639659, 0.9654512158658579, 0.9725180350170601, 0.9633202739240685, 0.9789918360356085, 0.9754891422341057, 0.9769784317045046, 0.9628246975477663, 0.9638422633992, 0.9637689199662232, 0.9819971691507697, 0.9519959909084621, 0.9709207640095076, 0.9653644189408878, 0.9910047579566015, 0.9627588404813878, 0.9734470240603211, 0.9694125891287574, 0.9824958418106724, 0.9586967704653696, 0.9709286764895051, 0.9815067206960152, 0.9684080023860626, 0.9760178515018033, 0.9759687426353709, 0.9566443651664641, 0.9814920894991797, 0.9724503474916956, 0.966840188632398, 0.9804865906405067, 0.965359022431129, 0.9653008624432915, 0.9642924169653485, 0.9810041087963411, 0.9663739563322652, 0.9704232829000901, 0.962278172648349, 0.9799881910337096, 0.9607571996583499, 0.9784820321538953, 0.9725009309672985, 0.965359022431129, 0.9850033041675296, 0.9647905448610797, 0.9769696679129544]
Validation Precision: [0.7388932397085134, 0.9506516872303056, 0.9566790596870614, 0.9702117647058824, 0.9662639883041458, 0.9712999452654626, 0.9683735475301476, 0.96881126734304, 0.9705581237000565, 0.9790819298016237, 0.967200800329754, 0.9725927593445309, 0.9671266853182088, 0.9793751406003097, 0.9760757173269082, 0.977925608938065, 0.9662885627608048, 0.9671254628527945, 0.9693538676046519, 0.9823625572712349, 0.9594164034621617, 0.9738414169255086, 0.9683929842916721, 0.991014850559234, 0.9685014264138279, 0.975839252546715, 0.9716373190228633, 0.9829035046934789, 0.9638941674879808, 0.9728737173482969, 0.9816285773047394, 0.9707360425930801, 0.9760587336934031, 0.9771108886462, 0.9624994294582137, 0.9819225977621912, 0.9747402380687508, 0.9714236940935472, 0.9811908480127522, 0.968414720187598, 0.97044265850236, 0.969475092363152, 0.9816143866953648, 0.9692104381481884, 0.9732232852829868, 0.9665785415962096, 0.9806358142225162, 0.965266058625567, 0.9792993541478695, 0.9725370146016008, 0.968414720187598, 0.9857327754220139, 0.9700781805259416, 0.9781158570292171]
Validation Recall: [0.7895, 0.948, 0.956, 0.9695, 0.964, 0.9695, 0.963, 0.967, 0.969, 0.979, 0.9655, 0.9725, 0.9635, 0.979, 0.9755, 0.977, 0.963, 0.964, 0.964, 0.982, 0.9525, 0.971, 0.9655, 0.991, 0.963, 0.9735, 0.9695, 0.9825, 0.959, 0.971, 0.9815, 0.9685, 0.976, 0.976, 0.957, 0.9815, 0.9725, 0.967, 0.9805, 0.9655, 0.9655, 0.9645, 0.981, 0.9665, 0.9705, 0.9625, 0.98, 0.961, 0.9785, 0.9725, 0.9655, 0.985, 0.965, 0.977]
Validation Loss Min: 0.0583
Validation Accuracy Max: 0.9910
Validation F1 Max: 0.9910

--- MODEL CONFIGURATION ---
FIRST LAYER NODES: 128
HIDDEN LAYERS: 3
PATIENCE: 15
MAX EPOCHS: 100
EPOCHS RUN: 53

--- CLASSIFICATION REPORT ---
              precision    recall  f1-score   support

           0       1.00      1.00      1.00       300
           1       0.96      0.96      0.96       200
           2       0.99      0.99      0.99       200
           3       0.96      0.96      0.96       200
           4       0.99      0.99      0.99       100

    accuracy                           0.98      1000
   macro avg       0.98      0.98      0.98      1000
weighted avg       0.98      0.98      0.98      1000

VALIDATION MACRO F1: 0.9803
