PARAMS: {'batch_size': 32, 'learning_rate': 0.01, 'dropout_rate': 0.4, 'n_hidden_layers': 3, 'first_layer_nodes': 256, 'epochs': 100, 'patience': 15}
ACCURACY:  0.9370
F1 SCORE:  0.9362
MACRO F1-SCORE: 0.9360
PRECISION: 0.9461
RECALL:    0.9370
TEST LOSS: 0.1514
Validation Loss: [0.27840954065322876, 0.36509907245635986, 0.31604281067848206, 0.317372590303421, 0.2530542314052582, 0.17758190631866455, 0.15164479613304138, 0.30846697092056274, 0.19398394227027893, 0.29538458585739136, 0.3324297070503235, 0.24389877915382385, 0.3452156186103821, 0.4308963418006897, 0.32229453325271606, 0.3182712197303772, 0.21737298369407654, 0.3214997351169586, 0.6077073812484741, 0.5534288883209229, 0.1736118495464325, 0.7224384546279907]
Validation Accuracy: [0.9085000157356262, 0.8399999737739563, 0.8715000152587891, 0.8299999833106995, 0.9269999861717224, 0.9319999814033508, 0.9334999918937683, 0.8709999918937683, 0.9204999804496765, 0.8899999856948853, 0.9039999842643738, 0.9169999957084656, 0.8884999752044678, 0.8805000185966492, 0.8705000281333923, 0.9010000228881836, 0.9175000190734863, 0.8849999904632568, 0.5960000157356262, 0.6365000009536743, 0.9350000023841858, 0.7174999713897705]
Validation F1: [0.9066131369802226, 0.8254940396091676, 0.8701377182793081, 0.8001579840419527, 0.9250650695962604, 0.9302940145389625, 0.9319750065669851, 0.8568668995666411, 0.917734665627179, 0.8815899888814525, 0.8988979489692439, 0.9154734747759206, 0.8800985380170467, 0.8695991224620208, 0.8678570213773202, 0.8963736653423896, 0.9160536541419578, 0.8848376030913578, 0.49574359963498815, 0.5520027269004187, 0.933641417454011, 0.6430749268461394]
Validation Precision: [0.9244827867859099, 0.9106367159139616, 0.9186140231449966, 0.8451282051282051, 0.9434541759578975, 0.9467543295832929, 0.9478500085954958, 0.9206415560358525, 0.9399741581200033, 0.926615460916666, 0.9312953162896431, 0.9307528143834829, 0.9251665355363232, 0.9230058557561475, 0.9164872864917468, 0.9274068332830389, 0.9336011395442823, 0.9174510914695903, 0.5548729007030764, 0.7831592994800496, 0.9480159737679343, 0.6169523866915555]
Validation Recall: [0.9085, 0.84, 0.8715, 0.83, 0.927, 0.932, 0.9335, 0.871, 0.9205, 0.89, 0.904, 0.917, 0.8885, 0.8805, 0.8705, 0.901, 0.9175, 0.885, 0.596, 0.6365, 0.935, 0.7175]
Validation Loss Min: 0.1516
Validation Accuracy Max: 0.9350
Validation F1 Max: 0.9336

--- MODEL CONFIGURATION ---
FIRST LAYER NODES: 256
HIDDEN LAYERS: 3
PATIENCE: 15
MAX EPOCHS: 100
EPOCHS RUN: 21

--- CLASSIFICATION REPORT ---
              precision    recall  f1-score   support

           0       1.00      0.99      1.00       300
           1       0.96      0.73      0.83       200
           2       0.99      0.99      0.99       200
           3       0.78      0.97      0.87       200
           4       1.00      0.99      0.99       100

    accuracy                           0.94      1000
   macro avg       0.95      0.94      0.94      1000
weighted avg       0.95      0.94      0.94      1000

VALIDATION MACRO F1: 0.9316
