PARAMS: {'batch_size': 128, 'learning_rate': 0.01, 'dropout_rate': 0.4, 'n_hidden_layers': 3, 'first_layer_nodes': 64, 'epochs': 100, 'patience': 15}
ACCURACY:  0.9430
F1 SCORE:  0.9427
MACRO F1-SCORE: 0.9400
PRECISION: 0.9489
RECALL:    0.9430
TEST LOSS: 0.1457
Validation Loss: [0.5419101119041443, 0.3333914577960968, 0.23491287231445312, 0.21495120227336884, 0.1467762589454651, 0.14419780671596527, 0.15780609846115112, 0.15096227824687958, 0.13367138803005219, 0.15798349678516388, 0.17045222222805023, 0.14783483743667603, 0.1736345887184143, 0.17034736275672913, 0.18584439158439636, 0.1432340443134308, 0.1294969916343689, 0.15326598286628723, 0.21055881679058075, 0.19129902124404907, 0.19013310968875885, 0.23983187973499298, 0.1538267433643341, 0.1844569444656372, 0.19370220601558685, 0.19332708418369293, 0.20400357246398926, 0.28870317339897156, 0.2134847193956375, 0.21321482956409454, 0.20508180558681488, 0.2592332363128662]
Validation Accuracy: [0.7894999980926514, 0.8495000004768372, 0.9514999985694885, 0.9564999938011169, 0.9629999995231628, 0.9570000171661377, 0.9175000190734863, 0.972000002861023, 0.972000002861023, 0.934499979019165, 0.9279999732971191, 0.9350000023841858, 0.925000011920929, 0.9089999794960022, 0.9045000076293945, 0.9430000185966492, 0.940500020980835, 0.9415000081062317, 0.8939999938011169, 0.9035000205039978, 0.9010000228881836, 0.8794999718666077, 0.9269999861717224, 0.9075000286102295, 0.8920000195503235, 0.8895000219345093, 0.9020000100135803, 0.8769999742507935, 0.8899999856948853, 0.887499988079071, 0.9049999713897705, 0.8740000128746033]
Validation F1: [0.7557317372150912, 0.814527716402217, 0.9517716524202066, 0.9560916838685638, 0.9628466883253476, 0.9571687960393123, 0.9154395284624597, 0.971973536189809, 0.9720358106670508, 0.935245999438312, 0.9260614343313329, 0.9335676067098785, 0.922711497208864, 0.9047121368642161, 0.8994838663508611, 0.9422622499010573, 0.939499818578997, 0.9406649342081776, 0.8878684570485451, 0.8982209740269919, 0.8951348571753642, 0.8766948126629892, 0.9250575383514416, 0.9032198214475843, 0.884164615601864, 0.8809661592479676, 0.8966065141913816, 0.8649330708207152, 0.8816012081751471, 0.8782777519734787, 0.9002440693901936, 0.869375101818483]
Validation Precision: [0.7390439628469313, 0.7909715715087496, 0.9562430508256136, 0.9607302463319425, 0.9668253851408452, 0.9620035072166231, 0.9316058130107738, 0.9737383572611404, 0.9726120442951349, 0.9483055206170442, 0.9444199353960012, 0.9482763484680808, 0.9424940704251048, 0.9338399065172142, 0.9315467332833348, 0.9529541278531433, 0.9510850287421563, 0.951659806392154, 0.9275847224777853, 0.9312821691549876, 0.9308397293681506, 0.9210319234552446, 0.942974484465039, 0.9328483108528258, 0.9277868937048502, 0.9263931933733913, 0.9306064554097402, 0.9228212329082455, 0.9265010571667653, 0.9265099458983963, 0.9317061286509206, 0.9200420617455094]
Validation Recall: [0.7895, 0.8495, 0.9515, 0.9565, 0.963, 0.957, 0.9175, 0.972, 0.972, 0.9345, 0.928, 0.935, 0.925, 0.909, 0.9045, 0.943, 0.9405, 0.9415, 0.894, 0.9035, 0.901, 0.8795, 0.927, 0.9075, 0.892, 0.8895, 0.902, 0.877, 0.89, 0.8875, 0.905, 0.874]
Validation Loss Min: 0.1295
Validation Accuracy Max: 0.9720
Validation F1 Max: 0.9720

--- MODEL CONFIGURATION ---
FIRST LAYER NODES: 64
HIDDEN LAYERS: 3
PATIENCE: 15
MAX EPOCHS: 100
EPOCHS RUN: 31

--- CLASSIFICATION REPORT ---
              precision    recall  f1-score   support

           0       1.00      0.99      0.99       300
           1       0.96      0.78      0.86       200
           2       0.99      0.99      0.99       200
           3       0.81      0.96      0.88       200
           4       0.96      0.99      0.98       100

    accuracy                           0.94      1000
   macro avg       0.95      0.94      0.94      1000
weighted avg       0.95      0.94      0.94      1000

VALIDATION MACRO F1: 0.9388
