PARAMS: {'batch_size': 128, 'learning_rate': 0.01, 'dropout_rate': 0.2, 'n_hidden_layers': 3, 'first_layer_nodes': 64, 'epochs': 100, 'patience': 15}
ACCURACY:  0.9790
F1 SCORE:  0.9790
MACRO F1-SCORE: 0.9780
PRECISION: 0.9791
RECALL:    0.9790
TEST LOSS: 0.0949
Validation Loss: [0.4359028935432434, 0.2032138854265213, 0.13777033984661102, 0.15962515771389008, 0.0916934534907341, 0.08246872574090958, 0.11811383813619614, 0.12165836989879608, 0.09089504182338715, 0.1089070737361908, 0.11205404996871948, 0.08336026221513748, 0.13462743163108826, 0.08833003044128418, 0.15906232595443726, 0.09283202886581421, 0.11223804205656052, 0.09349410235881805, 0.07719898223876953, 0.08581403642892838, 0.0704343393445015, 0.11275690048933029, 0.09184878319501877, 0.0918467566370964, 0.10784303396940231, 0.08797421306371689, 0.07619406282901764, 0.07348352670669556, 0.10395745933055878, 0.10623035579919815, 0.07169260829687119, 0.0752587616443634, 0.11225151270627975, 0.08595209568738937, 0.0952044278383255, 0.11964792013168335]
Validation Accuracy: [0.8050000071525574, 0.8889999985694885, 0.9445000290870667, 0.9229999780654907, 0.972000002861023, 0.9695000052452087, 0.9465000033378601, 0.949999988079071, 0.9825000166893005, 0.9520000219345093, 0.9465000033378601, 0.9605000019073486, 0.9394999742507935, 0.9635000228881836, 0.9294999837875366, 0.972000002861023, 0.9545000195503235, 0.9610000252723694, 0.9660000205039978, 0.9605000019073486, 0.9775000214576721, 0.9505000114440918, 0.9624999761581421, 0.9639999866485596, 0.9620000123977661, 0.972000002861023, 0.9704999923706055, 0.9695000052452087, 0.9490000009536743, 0.9520000219345093, 0.9729999899864197, 0.9725000262260437, 0.953000009059906, 0.9610000252723694, 0.9599999785423279, 0.953499972820282]
Validation F1: [0.7714851507585496, 0.8852831750654676, 0.9444946473822938, 0.9204778897465012, 0.9719146059045809, 0.9694106169493368, 0.9458043177056866, 0.9494465232033108, 0.9825025202593719, 0.9514984602553721, 0.9457764598975849, 0.9602914170680438, 0.9383765114332742, 0.963257602578047, 0.9277715401507316, 0.9719342969910535, 0.9540637483240817, 0.9609876680718556, 0.9658666236024556, 0.9602965857469925, 0.9774771938011638, 0.9498997399395801, 0.9623349365602277, 0.9637818415186991, 0.9619411598169842, 0.9719623489605917, 0.9704487486117179, 0.9694711984562402, 0.9483610419671192, 0.9515467961596915, 0.9730286592976443, 0.9724427854964983, 0.9525582580167126, 0.9607457580423137, 0.9597840800036644, 0.9531096641554788]
Validation Precision: [0.7527610972738749, 0.9025518244635714, 0.9464386308394727, 0.9426521495187459, 0.9751367411008153, 0.9717478533680438, 0.9547763987200113, 0.9574059426396964, 0.9833820054607267, 0.9589286699597473, 0.9551732219715566, 0.9641016789851029, 0.9507797617101957, 0.9689940129859178, 0.9444416056913985, 0.9737573757375737, 0.9608215672990631, 0.9621385926037399, 0.9688117656512931, 0.9649614435486578, 0.9784181955101551, 0.9582605495411098, 0.9655902726095117, 0.9691103563188925, 0.9641955994959774, 0.9738916540975365, 0.9719619291921052, 0.9709087964725824, 0.9570085843344044, 0.9583274634378404, 0.9731535589845695, 0.974125878241659, 0.9599917095483134, 0.9654482950056583, 0.963780859264949, 0.959392247290435]
Validation Recall: [0.805, 0.889, 0.9445, 0.923, 0.972, 0.9695, 0.9465, 0.95, 0.9825, 0.952, 0.9465, 0.9605, 0.9395, 0.9635, 0.9295, 0.972, 0.9545, 0.961, 0.966, 0.9605, 0.9775, 0.9505, 0.9625, 0.964, 0.962, 0.972, 0.9705, 0.9695, 0.949, 0.952, 0.973, 0.9725, 0.953, 0.961, 0.96, 0.9535]
Validation Loss Min: 0.0704
Validation Accuracy Max: 0.9825
Validation F1 Max: 0.9825

--- MODEL CONFIGURATION ---
FIRST LAYER NODES: 64
HIDDEN LAYERS: 3
PATIENCE: 15
MAX EPOCHS: 100
EPOCHS RUN: 35

--- CLASSIFICATION REPORT ---
              precision    recall  f1-score   support

           0       1.00      0.99      0.99       300
           1       0.96      0.96      0.96       200
           2       0.98      0.99      0.99       200
           3       0.96      0.96      0.96       200
           4       0.99      0.99      0.99       100

    accuracy                           0.98      1000
   macro avg       0.98      0.98      0.98      1000
weighted avg       0.98      0.98      0.98      1000

VALIDATION MACRO F1: 0.9773
