PARAMS: {'batch_size': 128, 'learning_rate': 0.001, 'dropout_rate': 0.3, 'n_hidden_layers': 3, 'first_layer_nodes': 256, 'epochs': 100, 'patience': 15}
ACCURACY:  0.9840
F1 SCORE:  0.9840
MACRO F1-SCORE: 0.9840
PRECISION: 0.9840
RECALL:    0.9840
TEST LOSS: 0.0704
Validation Loss: [0.4910862445831299, 0.2676225006580353, 0.1617337167263031, 0.12309437245130539, 0.16941149532794952, 0.08706968277692795, 0.08675672858953476, 0.11584829539060593, 0.10271576792001724, 0.08702248334884644, 0.1437722146511078, 0.07569757103919983, 0.07811819016933441, 0.14294840395450592, 0.0700807124376297, 0.07325815409421921, 0.10700177401304245, 0.11468939483165741, 0.0737992525100708, 0.07211261987686157, 0.06715874373912811, 0.09891747683286667, 0.08362559974193573, 0.0664743036031723, 0.11352860927581787, 0.07234511524438858, 0.09132133424282074, 0.06360245496034622, 0.06613035500049591, 0.08764227479696274, 0.07183224707841873, 0.07114386558532715, 0.0905551090836525, 0.06782060861587524, 0.08117888867855072, 0.07127051800489426, 0.07349594682455063, 0.05895521119236946, 0.06210751086473465, 0.07097190618515015, 0.07613830268383026, 0.09830525517463684, 0.07289831340312958, 0.06641827523708344, 0.05836004763841629, 0.05912483483552933, 0.09540585428476334, 0.06615100800991058, 0.06029338762164116, 0.06976039707660675, 0.10422229021787643, 0.06509488821029663, 0.08133102208375931, 0.08528874069452286, 0.057436127215623856, 0.10509414970874786, 0.08237378299236298, 0.07855064421892166, 0.058627817779779434, 0.06216783821582794, 0.0613730289041996, 0.09406978636980057, 0.059527743607759476, 0.0639067068696022, 0.061126891523599625, 0.08554849773645401, 0.06055527925491333, 0.06181659922003746, 0.07545831054449081, 0.11095021665096283]
Validation Accuracy: [0.7889999747276306, 0.8769999742507935, 0.9514999985694885, 0.9695000052452087, 0.9359999895095825, 0.9725000262260437, 0.9595000147819519, 0.9409999847412109, 0.9605000019073486, 0.9710000157356262, 0.9505000114440918, 0.9635000228881836, 0.9639999866485596, 0.9409999847412109, 0.9769999980926514, 0.9670000076293945, 0.9555000066757202, 0.953000009059906, 0.9645000100135803, 0.9674999713897705, 0.9695000052452087, 0.9564999938011169, 0.9629999995231628, 0.9710000157356262, 0.9524999856948853, 0.968999981880188, 0.9589999914169312, 0.9800000190734863, 0.9810000061988831, 0.9614999890327454, 0.9670000076293945, 0.968500018119812, 0.9635000228881836, 0.9704999923706055, 0.9629999995231628, 0.968500018119812, 0.9635000228881836, 0.9835000038146973, 0.9760000109672546, 0.968500018119812, 0.9629999995231628, 0.9605000019073486, 0.972000002861023, 0.9760000109672546, 0.9890000224113464, 0.9695000052452087, 0.9629999995231628, 0.9704999923706055, 0.9760000109672546, 0.9700000286102295, 0.9589999914169312, 0.9729999899864197, 0.9629999995231628, 0.9629999995231628, 0.9825000166893005, 0.9545000195503235, 0.9620000123977661, 0.9645000100135803, 0.9789999723434448, 0.9850000143051147, 0.9850000143051147, 0.9620000123977661, 0.9775000214576721, 0.972000002861023, 0.9725000262260437, 0.9624999761581421, 0.984499990940094, 0.9660000205039978, 0.9649999737739563, 0.9580000042915344]
Validation F1: [0.755873849581883, 0.8768412281553662, 0.951446205694477, 0.9694522130953256, 0.9347682143156897, 0.9724881753482945, 0.9593248715537069, 0.9404560526785855, 0.960212137190259, 0.9708941215661605, 0.9499434014710244, 0.9633779802720362, 0.9637689199662232, 0.9400624152862832, 0.9769946178255265, 0.9668810255177763, 0.9550450186355972, 0.9524941998110421, 0.9643738762392832, 0.9673956307080166, 0.9694112558821149, 0.9561645546145789, 0.962798320658015, 0.9709355590449832, 0.9520397890462496, 0.9689124937854556, 0.958725423031175, 0.980009786973337, 0.980999821039072, 0.9612568876677222, 0.9668701525643891, 0.9684007006608766, 0.9632701578695639, 0.9704193893130525, 0.9628028120830515, 0.9684339512439512, 0.963257602578047, 0.9835021983712633, 0.9759687426353709, 0.9683985373205604, 0.9627588404813878, 0.9601970016385153, 0.9719159370012842, 0.9759865789343505, 0.9890075851107049, 0.9694442458009802, 0.9627459418276929, 0.9704451625347974, 0.9759830552572839, 0.9699245208034308, 0.9587115982674483, 0.9729470713610162, 0.9627588404813878, 0.9627588404813878, 0.982507723151059, 0.9540634065207368, 0.9617676908667524, 0.9642798990461966, 0.9789802455958243, 0.9850007365867124, 0.9850026745410985, 0.9617676908667524, 0.9774725534786411, 0.971920043347466, 0.972420867439936, 0.962278172648349, 0.984499949839756, 0.9658108568147286, 0.9648387616430179, 0.9576856380266847]
Validation Precision: [0.7351558809763828, 0.8850492026078725, 0.9535031390558181, 0.9716719345430906, 0.9477787990196077, 0.9729582577132487, 0.9626514150810827, 0.9475428674942966, 0.966589394378441, 0.9745571921573751, 0.9578116809160124, 0.965932881773399, 0.9693538676046519, 0.9510801997876629, 0.9775515413700642, 0.969610749670451, 0.963280948218025, 0.9599842770660605, 0.9672152305222111, 0.9699237516578448, 0.9724314628899269, 0.9616335627328825, 0.9667848370514802, 0.9735293263239718, 0.9589388341543513, 0.9719388763178369, 0.9636551805864367, 0.9800772627681207, 0.9812882018479033, 0.9658235321090402, 0.9698273094299782, 0.9708216397253864, 0.968861281032562, 0.9725149689314967, 0.9667012635407687, 0.9707801986718967, 0.9689940129859178, 0.9836940953602971, 0.9771108886462, 0.9709367524672338, 0.9685014264138279, 0.9667247856861158, 0.975086715315862, 0.9766882489250177, 0.9890423304353654, 0.9715972714216788, 0.9686356799511955, 0.9720390719022088, 0.9767344124448182, 0.9727306987108967, 0.9638389399604794, 0.9745468288580871, 0.9685014264138279, 0.9685014264138279, 0.9825902033400468, 0.9608946361925913, 0.9662002773913102, 0.9697152535196358, 0.9798612858884651, 0.9852231931008926, 0.9852009596256798, 0.9662002773913102, 0.9785493302285213, 0.974128840153982, 0.9756103424912028, 0.9665785415962096, 0.9847550002034277, 0.9708086974122961, 0.9682515340915558, 0.9630331118218205]
Validation Recall: [0.789, 0.877, 0.9515, 0.9695, 0.936, 0.9725, 0.9595, 0.941, 0.9605, 0.971, 0.9505, 0.9635, 0.964, 0.941, 0.977, 0.967, 0.9555, 0.953, 0.9645, 0.9675, 0.9695, 0.9565, 0.963, 0.971, 0.9525, 0.969, 0.959, 0.98, 0.981, 0.9615, 0.967, 0.9685, 0.9635, 0.9705, 0.963, 0.9685, 0.9635, 0.9835, 0.976, 0.9685, 0.963, 0.9605, 0.972, 0.976, 0.989, 0.9695, 0.963, 0.9705, 0.976, 0.97, 0.959, 0.973, 0.963, 0.963, 0.9825, 0.9545, 0.962, 0.9645, 0.979, 0.985, 0.985, 0.962, 0.9775, 0.972, 0.9725, 0.9625, 0.9845, 0.966, 0.965, 0.958]
Validation Loss Min: 0.0574
Validation Accuracy Max: 0.9890
Validation F1 Max: 0.9890

--- MODEL CONFIGURATION ---
FIRST LAYER NODES: 256
HIDDEN LAYERS: 3
PATIENCE: 15
MAX EPOCHS: 100
EPOCHS RUN: 69

--- CLASSIFICATION REPORT ---
              precision    recall  f1-score   support

           0       1.00      1.00      1.00       300
           1       0.96      0.97      0.97       200
           2       1.00      0.99      1.00       200
           3       0.96      0.96      0.96       200
           4       0.99      0.99      0.99       100

    accuracy                           0.98      1000
   macro avg       0.98      0.98      0.98      1000
weighted avg       0.98      0.98      0.98      1000

VALIDATION MACRO F1: 0.9822
