PARAMS: {'batch_size': 128, 'learning_rate': 0.01, 'dropout_rate': 0.4, 'n_hidden_layers': 2, 'first_layer_nodes': 256, 'epochs': 100, 'patience': 15}
ACCURACY:  0.9720
F1 SCORE:  0.9720
MACRO F1-SCORE: 0.9720
PRECISION: 0.9726
RECALL:    0.9720
TEST LOSS: 0.1129
Validation Loss: [0.26351696252822876, 0.16431722044944763, 0.13709039986133575, 0.16586421430110931, 0.13058097660541534, 0.11727040261030197, 0.10063830763101578, 0.1059771254658699, 0.1232009083032608, 0.10886427760124207, 0.17047712206840515, 0.17810332775115967, 0.22557982802391052, 0.20275166630744934, 0.19369252026081085, 0.17040914297103882, 0.27014538645744324, 0.26766857504844666, 0.32582932710647583, 0.21442243456840515, 0.2698698937892914, 0.27150726318359375]
Validation Accuracy: [0.8769999742507935, 0.953000009059906, 0.9390000104904175, 0.9365000128746033, 0.9509999752044678, 0.9595000147819519, 0.9649999737739563, 0.9574999809265137, 0.9430000185966492, 0.9610000252723694, 0.9039999842643738, 0.9144999980926514, 0.8964999914169312, 0.8920000195503235, 0.8960000276565552, 0.9114999771118164, 0.8865000009536743, 0.8880000114440918, 0.8784999847412109, 0.8989999890327454, 0.8884999752044678, 0.8924999833106995]
Validation F1: [0.8763536753464788, 0.9529623963808459, 0.9385607401985891, 0.9351359315581751, 0.9504468060164211, 0.9594730193742719, 0.9648358307308406, 0.9571855433016587, 0.9420765727370899, 0.9610079382153188, 0.8988089536842832, 0.9110056798800792, 0.8897412911795173, 0.8844009628925925, 0.8890874153080139, 0.9074341884692361, 0.8775953706033289, 0.8790868214677345, 0.8693201361625287, 0.8964418741832492, 0.8798548831432982, 0.8848193218257824]
Validation Precision: [0.8853089947846413, 0.9536816152203456, 0.9442977752141309, 0.9493745352281262, 0.9582444040818834, 0.9609210456483408, 0.968388049684822, 0.9626017751456675, 0.9530247142203994, 0.962000294113333, 0.9315322859964723, 0.9371829150471547, 0.928579083458392, 0.9272511902829628, 0.9290702567713122, 0.9355972696966053, 0.9242807824588037, 0.9257297078391467, 0.9218816072449434, 0.9231443638760712, 0.9255690336649857, 0.9273598867859305]
Validation Recall: [0.877, 0.953, 0.939, 0.9365, 0.951, 0.9595, 0.965, 0.9575, 0.943, 0.961, 0.904, 0.9145, 0.8965, 0.892, 0.896, 0.9115, 0.8865, 0.888, 0.8785, 0.899, 0.8885, 0.8925]
Validation Loss Min: 0.1006
Validation Accuracy Max: 0.9650
Validation F1 Max: 0.9648

--- MODEL CONFIGURATION ---
FIRST LAYER NODES: 256
HIDDEN LAYERS: 2
PATIENCE: 15
MAX EPOCHS: 100
EPOCHS RUN: 21

--- CLASSIFICATION REPORT ---
              precision    recall  f1-score   support

           0       1.00      0.99      1.00       300
           1       0.96      0.92      0.94       200
           2       0.99      0.99      0.99       200
           3       0.91      0.96      0.94       200
           4       0.98      0.99      0.99       100

    accuracy                           0.97      1000
   macro avg       0.97      0.97      0.97      1000
weighted avg       0.97      0.97      0.97      1000

VALIDATION MACRO F1: 0.9645
