PARAMS: {'batch_size': 128, 'learning_rate': 0.01, 'dropout_rate': 0.3, 'n_hidden_layers': 3, 'first_layer_nodes': 128, 'epochs': 100, 'patience': 15}
ACCURACY:  0.9650
F1 SCORE:  0.9649
MACRO F1-SCORE: 0.9640
PRECISION: 0.9683
RECALL:    0.9650
TEST LOSS: 0.1163
Validation Loss: [0.41488173604011536, 0.2279772311449051, 0.2598944902420044, 0.12841174006462097, 0.1254536658525467, 0.10254984349012375, 0.13955694437026978, 0.1049664169549942, 0.13466869294643402, 0.11398244649171829, 0.13087783753871918, 0.10061904042959213, 0.1261395961046219, 0.13286763429641724, 0.09408276528120041, 0.16420073807239532, 0.1099730059504509, 0.15784716606140137, 0.22824886441230774, 0.13823959231376648, 0.13289332389831543, 0.15553168952465057, 0.2679537534713745, 0.2639051377773285, 0.18853303790092468, 0.16502980887889862, 0.17614321410655975, 0.17507246136665344, 0.18011474609375, 0.25142595171928406]
Validation Accuracy: [0.8040000200271606, 0.9564999938011169, 0.8914999961853027, 0.9585000276565552, 0.949999988079071, 0.9704999923706055, 0.9564999938011169, 0.9524999856948853, 0.953499972820282, 0.965499997138977, 0.9340000152587891, 0.9605000019073486, 0.9359999895095825, 0.9359999895095825, 0.9645000100135803, 0.9259999990463257, 0.9539999961853027, 0.9394999742507935, 0.9110000133514404, 0.9390000104904175, 0.9430000185966492, 0.940500020980835, 0.906000018119812, 0.9120000004768372, 0.9294999837875366, 0.9334999918937683, 0.9284999966621399, 0.906499981880188, 0.9369999766349792, 0.9070000052452087]
Validation F1: [0.770698631596607, 0.9563646599943868, 0.8896739148379155, 0.958228695920016, 0.9495167111820103, 0.9704722990461141, 0.9561984060975527, 0.9520394921883518, 0.9531476965840144, 0.9654814852100414, 0.932786454065454, 0.9602171076460156, 0.9346008391442631, 0.9345607066527829, 0.9644763799625407, 0.9239104899432558, 0.9535854093891053, 0.9385818034728102, 0.9070932737738773, 0.9380196689297156, 0.9420466637932982, 0.9395288927018658, 0.9012433535799349, 0.9080875315381263, 0.9275830469976065, 0.9319529785795385, 0.9266059683200952, 0.9020616615751085, 0.9356674214990159, 0.9024890802991538]
Validation Precision: [0.7546051266223145, 0.960185571000831, 0.9006694163369429, 0.9631722287850264, 0.9572688234599361, 0.971721282869521, 0.9618774728725571, 0.959013331728849, 0.9597975120165636, 0.9683433256386518, 0.9467147313417642, 0.9653603754035333, 0.9490687744532279, 0.9493478201655289, 0.9656707103083036, 0.9426764360434368, 0.9600666972386579, 0.9496730703317531, 0.9345497408893791, 0.9505655577299413, 0.9532783413380428, 0.9510142803996946, 0.9321964219817044, 0.9355204261932036, 0.9452840435956836, 0.9474609132406044, 0.9447090390742916, 0.9318642726672703, 0.9497713361387083, 0.93247848675408]
Validation Recall: [0.804, 0.9565, 0.8915, 0.9585, 0.95, 0.9705, 0.9565, 0.9525, 0.9535, 0.9655, 0.934, 0.9605, 0.936, 0.936, 0.9645, 0.926, 0.954, 0.9395, 0.911, 0.939, 0.943, 0.9405, 0.906, 0.912, 0.9295, 0.9335, 0.9285, 0.9065, 0.937, 0.907]
Validation Loss Min: 0.0941
Validation Accuracy Max: 0.9705
Validation F1 Max: 0.9705

--- MODEL CONFIGURATION ---
FIRST LAYER NODES: 128
HIDDEN LAYERS: 3
PATIENCE: 15
MAX EPOCHS: 100
EPOCHS RUN: 29

--- CLASSIFICATION REPORT ---
              precision    recall  f1-score   support

           0       1.00      0.99      0.99       300
           1       0.87      0.99      0.93       200
           2       0.99      0.99      0.99       200
           3       0.99      0.86      0.92       200
           4       0.98      0.99      0.99       100

    accuracy                           0.96      1000
   macro avg       0.97      0.97      0.96      1000
weighted avg       0.97      0.96      0.96      1000

VALIDATION MACRO F1: 0.9641
