PARAMS: {'batch_size': 32, 'learning_rate': 0.001, 'dropout_rate': 0.3, 'n_hidden_layers': 3, 'first_layer_nodes': 256, 'epochs': 100, 'patience': 15}
ACCURACY:  0.9830
F1 SCORE:  0.9830
MACRO F1-SCORE: 0.9820
PRECISION: 0.9830
RECALL:    0.9830
TEST LOSS: 0.0854
Validation Loss: [0.2727501094341278, 0.14561177790164948, 0.1250447928905487, 0.09742619842290878, 0.08169500529766083, 0.15063978731632233, 0.08169116824865341, 0.14477263391017914, 0.07224821299314499, 0.08404700458049774, 0.07895926386117935, 0.0797567144036293, 0.06768161803483963, 0.11451169848442078, 0.07269822806119919, 0.0714385136961937, 0.06663553416728973, 0.06939845532178879, 0.07798270136117935, 0.14975608885288239, 0.06688186526298523, 0.0745711550116539, 0.061820823699235916, 0.07111547887325287, 0.07560066878795624, 0.10786721855401993, 0.07457464188337326, 0.06488707661628723, 0.10688187927007675, 0.06512357294559479, 0.07568182051181793, 0.0647718608379364, 0.09173674136400223, 0.07509901374578476, 0.07015927135944366, 0.10038980096578598, 0.06766951829195023, 0.10972913354635239]
Validation Accuracy: [0.8669999837875366, 0.9555000066757202, 0.9424999952316284, 0.9595000147819519, 0.9829999804496765, 0.9089999794960022, 0.9815000295639038, 0.9375, 0.9769999980926514, 0.9629999995231628, 0.9645000100135803, 0.9729999899864197, 0.9750000238418579, 0.9474999904632568, 0.984000027179718, 0.9735000133514404, 0.9695000052452087, 0.9810000061988831, 0.9649999737739563, 0.9275000095367432, 0.9735000133514404, 0.968500018119812, 0.9829999804496765, 0.9700000286102295, 0.9725000262260437, 0.9424999952316284, 0.9629999995231628, 0.9725000262260437, 0.9539999961853027, 0.9800000190734863, 0.9674999713897705, 0.9769999980926514, 0.9645000100135803, 0.9704999923706055, 0.9815000295639038, 0.9580000042915344, 0.984499990940094, 0.9455000162124634]
Validation F1: [0.8671608336953355, 0.9554826557348844, 0.9416087620692409, 0.9593112634785669, 0.9829993353503262, 0.9045680343884352, 0.9815008396444673, 0.9362821505936663, 0.9769946178255265, 0.9627722084592185, 0.9644554183550883, 0.9729401089263672, 0.9749622572212674, 0.9467964576592081, 0.9840062375005666, 0.9734543144871929, 0.969463880497559, 0.980991619804126, 0.9647545284263315, 0.9254062120728759, 0.9734530639683772, 0.9683963288940965, 0.9829970223890515, 0.969909379045996, 0.9724355329212209, 0.9415764515721644, 0.9627588404813878, 0.9724427854964983, 0.9535290041464548, 0.9799881910337096, 0.9673878360481554, 0.9769907112353485, 0.9642924169653485, 0.9704342600722995, 0.9815067206960152, 0.9577008954259831, 0.984507444656883, 0.9447036967627416]
Validation Precision: [0.8755836124940712, 0.9558407375921463, 0.9523793648194463, 0.9628866488764933, 0.9833324429565258, 0.9356305267204921, 0.9817548129258198, 0.9493345537678769, 0.9775515413700642, 0.9683735475301476, 0.9661212414298226, 0.9747152803096079, 0.9762488053210762, 0.9559959797077817, 0.9841067025469076, 0.9748941552761516, 0.9711615766970674, 0.9815367758489001, 0.9699500719302699, 0.9440284162431408, 0.9748562244037347, 0.9708828214988734, 0.9833632193822448, 0.9722404399401339, 0.9742984059295361, 0.9485083581861469, 0.9685014264138279, 0.974125878241659, 0.9606830440210401, 0.9806358142225162, 0.9700127123040397, 0.9775869582905605, 0.969475092363152, 0.9722595412250584, 0.9816285773047394, 0.9629138474134765, 0.9845417692681374, 0.9546632932910998]
Validation Recall: [0.867, 0.9555, 0.9425, 0.9595, 0.983, 0.909, 0.9815, 0.9375, 0.977, 0.963, 0.9645, 0.973, 0.975, 0.9475, 0.984, 0.9735, 0.9695, 0.981, 0.965, 0.9275, 0.9735, 0.9685, 0.983, 0.97, 0.9725, 0.9425, 0.963, 0.9725, 0.954, 0.98, 0.9675, 0.977, 0.9645, 0.9705, 0.9815, 0.958, 0.9845, 0.9455]
Validation Loss Min: 0.0618
Validation Accuracy Max: 0.9845
Validation F1 Max: 0.9845

--- MODEL CONFIGURATION ---
FIRST LAYER NODES: 256
HIDDEN LAYERS: 3
PATIENCE: 15
MAX EPOCHS: 100
EPOCHS RUN: 37

--- CLASSIFICATION REPORT ---
              precision    recall  f1-score   support

           0       1.00      1.00      1.00       300
           1       0.96      0.97      0.97       200
           2       0.99      0.99      0.99       200
           3       0.96      0.96      0.96       200
           4       0.99      0.99      0.99       100

    accuracy                           0.98      1000
   macro avg       0.98      0.98      0.98      1000
weighted avg       0.98      0.98      0.98      1000

VALIDATION MACRO F1: 0.9828
