PARAMS: {'batch_size': 32, 'learning_rate': 0.01, 'dropout_rate': 0.3, 'epochs': 100, 'patience': 15}
ACCURACY:  0.9840
F1 SCORE:  0.9832
PRECISION: 0.9835
RECALL:    0.9833
TEST LOSS: 0.0903
Validation Loss: [0.2015984058380127, 0.1330350637435913, 0.2118658423423767, 0.12323984503746033, 0.11652787029743195, 0.1103108823299408, 0.10503891110420227, 0.16576732695102692, 0.1869029551744461, 0.12333869934082031, 0.11676286906003952, 0.18243417143821716, 0.09185811132192612, 0.12452174723148346, 0.10728747397661209, 0.10603625327348709, 0.11325975507497787, 0.10279083997011185, 0.12717634439468384, 0.13657769560813904, 0.10327282547950745, 0.11587627977132797, 0.13437208533287048, 0.11961851269006729, 0.13678082823753357, 0.10299180448055267, 0.1179698258638382, 0.13648971915245056]
Validation Accuracy: [0.9399999976158142, 0.9589999914169312, 0.906000018119812, 0.9729999899864197, 0.9549999833106995, 0.9585000276565552, 0.9804999828338623, 0.9315000176429749, 0.9269999861717224, 0.9760000109672546, 0.9624999761581421, 0.902999997138977, 0.9850000143051147, 0.9754999876022339, 0.9674999713897705, 0.9670000076293945, 0.9589999914169312, 0.9674999713897705, 0.968999981880188, 0.9729999899864197, 0.9754999876022339, 0.9670000076293945, 0.972000002861023, 0.972000002861023, 0.9570000171661377, 0.9674999713897705, 0.9629999995231628, 0.9495000243186951]
Validation F1: [0.938581886639308, 0.9587965085766006, 0.9016732025885248, 0.9729836512196767, 0.954660104369864, 0.958289873463279, 0.9805021939553631, 0.9300225963712445, 0.9252435740671212, 0.9759800478318497, 0.9623696165223704, 0.8973136039401441, 0.985007337543834, 0.975474759260864, 0.9675071452231498, 0.9669216981255845, 0.9586385375721223, 0.9674289424688411, 0.968947175623088, 0.9729704558161835, 0.9754838816124767, 0.9669335916193988, 0.9719577241264878, 0.9719638945088793, 0.9567693444128916, 0.9674331763378691, 0.9628422822782723, 0.948970245764802]
VALIDATION MACRO F1: [0.9282887061235485, 0.9592171487684158, 0.9020909135325514, 0.9726528054485323, 0.9544939917579717, 0.9579590276921348, 0.9805854579020743, 0.929856483759352, 0.9253280873248784, 0.9761467144985165, 0.9622869066304336, 0.8974802706068109, 0.9850906014905452, 0.9755580232075751, 0.9675904091698608, 0.9665111710684962, 0.9587218015188335, 0.9675953318199225, 0.9690304395697991, 0.9730537197628945, 0.9755671455591877, 0.9668508817274619, 0.9720409880731988, 0.9720471584555902, 0.9559524874556837, 0.9675164402845802, 0.9629255462249834, 0.9490535097115129]
Validation Precision: [0.9441011235955057, 0.9635961618710073, 0.9309923279220036, 0.9734921959405561, 0.9599317527778033, 0.961946148085275, 0.980693263488654, 0.9447725502781752, 0.9417362465568176, 0.976789326586388, 0.9648973383254609, 0.9341338820023031, 0.9850206015199422, 0.9764088701451162, 0.9676968330450805, 0.9689576050997138, 0.9658209982669217, 0.9691733046313346, 0.9703591956516693, 0.9739620618094772, 0.9761766767527629, 0.9685855429744142, 0.9732297838421836, 0.9730893594986976, 0.9609970885240291, 0.9690838873589805, 0.9659838392211908, 0.9561592951679749]
Validation Recall: [0.94, 0.959, 0.906, 0.973, 0.955, 0.9585, 0.9805, 0.9315, 0.927, 0.976, 0.9625, 0.903, 0.985, 0.9755, 0.9675, 0.967, 0.959, 0.9675, 0.969, 0.973, 0.9755, 0.967, 0.972, 0.972, 0.957, 0.9675, 0.963, 0.9495]
Validation Loss Min: 0.0919
Validation Accuracy Max: 0.9850
Validation F1 Max: 0.9850
VALIDATION MACRO F1 Max: 0.9851

--- MODEL CONFIGURATION ---
PATIENCE: 15
MAX EPOCHS: 100
EPOCHS RUN: 28

--- CLASSIFICATION REPORT ---
              precision    recall  f1-score   support

           0       1.00      1.00      1.00       300
           1       0.94      0.99      0.97       200
           2       0.99      0.99      0.99       200
           3       0.99      0.94      0.96       200
           4       0.99      0.99      0.99       100

    accuracy                           0.98      1000
   macro avg       0.98      0.98      0.98      1000
weighted avg       0.98      0.98      0.98      1000
