PARAMS: {'batch_size': 128, 'learning_rate': 0.01, 'dropout_rate': 0.3, 'n_hidden_layers': 2, 'first_layer_nodes': 64, 'epochs': 100, 'patience': 15}
ACCURACY:  0.9630
F1 SCORE:  0.9630
MACRO F1-SCORE: 0.9620
PRECISION: 0.9642
RECALL:    0.9630
TEST LOSS: 0.1109
Validation Loss: [0.34134337306022644, 0.22068721055984497, 0.13433963060379028, 0.11933271586894989, 0.1095326840877533, 0.10351353138685226, 0.10383719950914383, 0.1791500449180603, 0.12409207224845886, 0.0893021896481514, 0.10281011462211609, 0.11298847943544388, 0.1021319329738617, 0.14507509768009186, 0.2871127426624298, 0.22139565646648407, 0.10134369134902954, 0.11995664238929749, 0.10651857405900955, 0.11886294186115265, 0.094383604824543, 0.15517735481262207, 0.118927001953125, 0.2044350951910019, 0.1378232091665268]
Validation Accuracy: [0.8715000152587891, 0.9449999928474426, 0.968999981880188, 0.9585000276565552, 0.9754999876022339, 0.9549999833106995, 0.9610000252723694, 0.9340000152587891, 0.9514999985694885, 0.9629999995231628, 0.9574999809265137, 0.9490000009536743, 0.9549999833106995, 0.9309999942779541, 0.8610000014305115, 0.9210000038146973, 0.9509999752044678, 0.9624999761581421, 0.9520000219345093, 0.9524999856948853, 0.9589999914169312, 0.9290000200271606, 0.9419999718666077, 0.9070000052452087, 0.9315000176429749]
Validation F1: [0.8717257047849135, 0.9448004243828239, 0.9690391083722445, 0.9585204463558219, 0.9754646238174819, 0.9545970232737383, 0.9606883950246716, 0.9328744736801423, 0.9510181375568832, 0.9630053723514479, 0.9571381776039962, 0.9483828173602536, 0.9545970232737383, 0.9293183428308284, 0.8432240194095844, 0.9183597193469699, 0.9504994752277942, 0.9624665534713526, 0.9514838310674714, 0.9519761696504276, 0.9587257879183253, 0.9269926547497096, 0.9410203435662713, 0.9022322420281595, 0.9297104024173798]
Validation Precision: [0.8786616423330259, 0.9493257991541961, 0.9696691593062714, 0.9598474277856988, 0.976762007370139, 0.9611165688245241, 0.9668155869942914, 0.9477728868813695, 0.9582949765359835, 0.9634904860620015, 0.9631718450048754, 0.956939386465308, 0.9611165688245241, 0.9461690901523873, 0.9154120484400657, 0.9398437378274289, 0.9575573530000849, 0.9642109094098044, 0.9589401390990663, 0.9596368996723288, 0.9637219826875, 0.9451953714573201, 0.9524632057800376, 0.9332852858305337, 0.9466558290500129]
Validation Recall: [0.8715, 0.945, 0.969, 0.9585, 0.9755, 0.955, 0.961, 0.934, 0.9515, 0.963, 0.9575, 0.949, 0.955, 0.931, 0.861, 0.921, 0.951, 0.9625, 0.952, 0.9525, 0.959, 0.929, 0.942, 0.907, 0.9315]
Validation Loss Min: 0.0893
Validation Accuracy Max: 0.9755
Validation F1 Max: 0.9755

--- MODEL CONFIGURATION ---
FIRST LAYER NODES: 64
HIDDEN LAYERS: 2
PATIENCE: 15
MAX EPOCHS: 100
EPOCHS RUN: 24

--- CLASSIFICATION REPORT ---
              precision    recall  f1-score   support

           0       1.00      0.99      1.00       300
           1       0.88      0.96      0.92       200
           2       0.99      0.99      0.99       200
           3       0.95      0.88      0.91       200
           4       0.99      0.99      0.99       100

    accuracy                           0.96      1000
   macro avg       0.96      0.96      0.96      1000
weighted avg       0.96      0.96      0.96      1000

VALIDATION MACRO F1: 0.9628
