PARAMS: {'batch_size': 64, 'learning_rate': 0.001, 'dropout_rate': 0.4, 'n_hidden_layers': 3, 'first_layer_nodes': 64, 'epochs': 100, 'patience': 15}
ACCURACY:  0.9830
F1 SCORE:  0.9830
MACRO F1-SCORE: 0.9820
PRECISION: 0.9830
RECALL:    0.9830
TEST LOSS: 0.0785
Validation Loss: [0.8596512675285339, 0.5659029483795166, 0.44978082180023193, 0.33831432461738586, 0.24398380517959595, 0.19916804134845734, 0.1643192321062088, 0.15348859131336212, 0.11620486527681351, 0.12944328784942627, 0.11571477353572845, 0.09924006462097168, 0.10033421218395233, 0.09164849668741226, 0.08618228882551193, 0.10760220885276794, 0.08893623948097229, 0.08356466144323349, 0.0823979526758194, 0.0802653580904007, 0.14045052230358124, 0.08317682892084122, 0.07250022888183594, 0.09301808476448059, 0.07127337157726288, 0.07747659832239151, 0.09854508191347122, 0.07337991148233414, 0.08951170742511749, 0.0857972577214241, 0.08070679754018784, 0.08939636498689651, 0.06966562569141388, 0.08601278066635132, 0.0718676894903183, 0.11829185485839844, 0.06733404099941254, 0.06553873419761658, 0.06565970182418823, 0.07941914349794388, 0.06772901117801666, 0.0625273659825325, 0.07992065697908401, 0.09474019706249237, 0.08781469613313675, 0.06909444183111191, 0.06444703042507172, 0.06507314741611481, 0.07275154441595078, 0.0759497582912445, 0.07015509903430939, 0.07943878322839737, 0.061133965849876404, 0.07844523340463638, 0.06338390707969666, 0.10739079117774963, 0.06705755740404129, 0.07697925716638565, 0.06351931393146515, 0.07708016782999039, 0.07315881550312042, 0.08590143173933029, 0.07381478697061539, 0.05948926508426666, 0.0764797031879425, 0.08553053438663483, 0.058366283774375916, 0.0592399537563324, 0.06907723844051361, 0.06262955814599991, 0.06441161036491394, 0.08035977929830551, 0.07216161489486694, 0.06935327500104904, 0.0766090527176857, 0.07612419128417969, 0.05976824462413788, 0.06798920035362244, 0.07381141930818558, 0.06445860117673874, 0.07836561650037766, 0.06775125116109848]
Validation Accuracy: [0.7089999914169312, 0.7785000205039978, 0.7879999876022339, 0.8715000152587891, 0.9259999990463257, 0.9375, 0.9645000100135803, 0.9704999923706055, 0.9605000019073486, 0.9520000219345093, 0.9564999938011169, 0.968999981880188, 0.9704999923706055, 0.9704999923706055, 0.9714999794960022, 0.9620000123977661, 0.9785000085830688, 0.9815000295639038, 0.9764999747276306, 0.9714999794960022, 0.9419999718666077, 0.968999981880188, 0.9745000004768372, 0.9585000276565552, 0.9750000238418579, 0.9674999713897705, 0.9570000171661377, 0.9714999794960022, 0.9620000123977661, 0.9664999842643738, 0.9645000100135803, 0.9589999914169312, 0.9760000109672546, 0.9629999995231628, 0.9869999885559082, 0.9539999961853027, 0.987500011920929, 0.972000002861023, 0.9764999747276306, 0.9610000252723694, 0.9660000205039978, 0.9804999828338623, 0.965499997138977, 0.9605000019073486, 0.9620000123977661, 0.9710000157356262, 0.972000002861023, 0.9769999980926514, 0.9704999923706055, 0.9670000076293945, 0.9710000157356262, 0.972000002861023, 0.9860000014305115, 0.9760000109672546, 0.9825000166893005, 0.9380000233650208, 0.9800000190734863, 0.9649999737739563, 0.987500011920929, 0.9624999761581421, 0.968999981880188, 0.9645000100135803, 0.968500018119812, 0.9810000061988831, 0.9639999866485596, 0.9629999995231628, 0.9819999933242798, 0.9869999885559082, 0.9649999737739563, 0.9700000286102295, 0.9710000157356262, 0.9649999737739563, 0.968999981880188, 0.9735000133514404, 0.9764999747276306, 0.9679999947547913, 0.9900000095367432, 0.9729999899864197, 0.9729999899864197, 0.9804999828338623, 0.9624999761581421, 0.9700000286102295]
Validation F1: [0.6837370137722208, 0.7447171248387665, 0.754396119715731, 0.8709650774379172, 0.9263102063753642, 0.9372561294554007, 0.9644594912955635, 0.9705498572535639, 0.9602696936070266, 0.9515430619350905, 0.9561614573881014, 0.9689350266954763, 0.9704608356741148, 0.9704421972396204, 0.9714678571543512, 0.9617137271516273, 0.9784988989529713, 0.981502735340879, 0.9764928833405946, 0.9714467358995773, 0.9410588980067411, 0.9689118404236574, 0.974472368616093, 0.958230319810913, 0.9749753191022874, 0.9674039891538719, 0.9566934006090718, 0.9714460739894937, 0.9618174835302667, 0.9664944567585345, 0.9643381253539072, 0.958697874736874, 0.9759748302014191, 0.9627079849158763, 0.9870173721496401, 0.9535662176709916, 0.9875078681410902, 0.9719288197616066, 0.9764928833405946, 0.9607100866006046, 0.9658108568147286, 0.9804964337292928, 0.9653008624432915, 0.9602509816611879, 0.9617830288992634, 0.9709317907253894, 0.9719503598540116, 0.9769855036960187, 0.9704269119982789, 0.9669048746556705, 0.9709286764895051, 0.9719159370012842, 0.986001966163986, 0.9759778291466619, 0.9825017341294728, 0.9366096804348047, 0.9799881910337096, 0.9648577066676137, 0.9875010856278198, 0.9622608910710424, 0.9689189612265966, 0.9643399995463587, 0.9683561555613044, 0.9810041462595426, 0.9638848661677016, 0.9628028120830515, 0.9819945509985664, 0.9870007660439739, 0.9647905448610797, 0.9698971133538663, 0.9709289231844609, 0.9647905448610797, 0.9689109408122972, 0.9734530639683772, 0.9764717251853942, 0.9679100529757172, 0.9900072989880618, 0.9729492093314, 0.9729470713610162, 0.9804964337292928, 0.9624759447960194, 0.969909379045996]
Validation Precision: [0.6789289645617216, 0.7232857872940571, 0.7287761006050074, 0.8804434244665061, 0.9303881965018663, 0.9415236318091459, 0.9671943170205056, 0.9723745432057121, 0.9646557210763946, 0.9584558823529411, 0.9618127834446918, 0.9707664884135472, 0.9717213396424512, 0.9721947820389143, 0.9725875969009451, 0.9675307411100033, 0.9788658337651795, 0.9815953967794014, 0.9770325661083754, 0.9730466570941029, 0.9520407094280618, 0.9720739677464958, 0.9756057245300173, 0.9630000786182134, 0.976040472757299, 0.969841319650882, 0.9618831785738164, 0.9731455581671546, 0.9655613689588299, 0.9675227140543211, 0.967699182722859, 0.9639622163016633, 0.9769600817746557, 0.9685014264138279, 0.9871008184829323, 0.9603338337966488, 0.9875210414094938, 0.9741704030534168, 0.9770325661083754, 0.9670771278808553, 0.9708086974122961, 0.9810099784640568, 0.97044265850236, 0.9647981864869203, 0.9659354646146351, 0.9727472747274727, 0.9735665087835828, 0.9777986995054103, 0.9723308542553419, 0.9693041950382038, 0.9728737173482969, 0.975086715315862, 0.986009900990099, 0.9770001966984915, 0.9825202234457371, 0.9524661586902962, 0.9806358142225162, 0.967863527274302, 0.9875676467997532, 0.9680136929114135, 0.9710155440708236, 0.9677589475194659, 0.9726626607223623, 0.9811681974980465, 0.9664645403615991, 0.9667012635407687, 0.9824458696394295, 0.9870851310821358, 0.9700781805259416, 0.9726349473911104, 0.9736217424720899, 0.9700781805259416, 0.9710920955442037, 0.9748562244037347, 0.9775447525650108, 0.9702483090906657, 0.9900685958947947, 0.9744308103559626, 0.9745468288580871, 0.9810099784640568, 0.9635833367040139, 0.9722404399401339]
Validation Recall: [0.709, 0.7785, 0.788, 0.8715, 0.926, 0.9375, 0.9645, 0.9705, 0.9605, 0.952, 0.9565, 0.969, 0.9705, 0.9705, 0.9715, 0.962, 0.9785, 0.9815, 0.9765, 0.9715, 0.942, 0.969, 0.9745, 0.9585, 0.975, 0.9675, 0.957, 0.9715, 0.962, 0.9665, 0.9645, 0.959, 0.976, 0.963, 0.987, 0.954, 0.9875, 0.972, 0.9765, 0.961, 0.966, 0.9805, 0.9655, 0.9605, 0.962, 0.971, 0.972, 0.977, 0.9705, 0.967, 0.971, 0.972, 0.986, 0.976, 0.9825, 0.938, 0.98, 0.965, 0.9875, 0.9625, 0.969, 0.9645, 0.9685, 0.981, 0.964, 0.963, 0.982, 0.987, 0.965, 0.97, 0.971, 0.965, 0.969, 0.9735, 0.9765, 0.968, 0.99, 0.973, 0.973, 0.9805, 0.9625, 0.97]
Validation Loss Min: 0.0584
Validation Accuracy Max: 0.9900
Validation F1 Max: 0.9900

--- MODEL CONFIGURATION ---
FIRST LAYER NODES: 64
HIDDEN LAYERS: 3
PATIENCE: 15
MAX EPOCHS: 100
EPOCHS RUN: 81

--- CLASSIFICATION REPORT ---
              precision    recall  f1-score   support

           0       1.00      1.00      1.00       300
           1       0.96      0.97      0.97       200
           2       0.99      0.99      0.99       200
           3       0.96      0.96      0.96       200
           4       0.99      0.99      0.99       100

    accuracy                           0.98      1000
   macro avg       0.98      0.98      0.98      1000
weighted avg       0.98      0.98      0.98      1000

VALIDATION MACRO F1: 0.9818
