PARAMS: {'batch_size': 128, 'learning_rate': 0.01, 'dropout_rate': 0.4, 'n_hidden_layers': 2, 'first_layer_nodes': 128, 'epochs': 100, 'patience': 15}
ACCURACY:  0.9610
F1 SCORE:  0.9610
MACRO F1-SCORE: 0.9600
PRECISION: 0.9627
RECALL:    0.9610
TEST LOSS: 0.1122
Validation Loss: [0.33454248309135437, 0.2019045352935791, 0.13861867785453796, 0.19606633484363556, 0.10746797174215317, 0.10149382799863815, 0.09995216131210327, 0.1255725771188736, 0.11638423055410385, 0.11506250500679016, 0.09850750863552094, 0.10615324974060059, 0.15742920339107513, 0.1476012021303177, 0.2207551747560501, 0.16995804011821747, 0.17932862043380737, 0.2587991952896118, 0.18167239427566528, 0.16083920001983643, 0.18594485521316528, 0.13150450587272644, 0.10105206072330475, 0.15904594957828522, 0.18722666800022125, 0.24072369933128357]
Validation Accuracy: [0.8669999837875366, 0.8865000009536743, 0.921500027179718, 0.8880000114440918, 0.9539999961853027, 0.9589999914169312, 0.9539999961853027, 0.9409999847412109, 0.9474999904632568, 0.9470000267028809, 0.9574999809265137, 0.953000009059906, 0.9114999771118164, 0.9240000247955322, 0.8970000147819519, 0.9079999923706055, 0.906000018119812, 0.8769999742507935, 0.9100000262260437, 0.9135000109672546, 0.909500002861023, 0.934499979019165, 0.9539999961853027, 0.9135000109672546, 0.9089999794960022, 0.8999999761581421]
Validation F1: [0.866424756724572, 0.8856502144130286, 0.9196128023711899, 0.8835081124815324, 0.9536024814994785, 0.9587292147316462, 0.9535703076099896, 0.9400278487720287, 0.9467715858927194, 0.9462973991556509, 0.9571730814297778, 0.9525191611735678, 0.9074341884692361, 0.9216794198250567, 0.8903461162581944, 0.9039385894716023, 0.9010654755355855, 0.865181023366073, 0.9057088483712208, 0.9097924624280835, 0.9052903169281833, 0.9330397904349463, 0.9535703076099896, 0.909863204434111, 0.9046330767772699, 0.8957302305394961]
Validation Precision: [0.8765900025986566, 0.8943793971423412, 0.9352804864552716, 0.905334445884274, 0.9599369124212976, 0.9635549009259875, 0.9602101240220366, 0.9514068690539279, 0.9562345137059799, 0.955588725137133, 0.9627353659326574, 0.9596411470140549, 0.9355972696966053, 0.9421408497519654, 0.9288155236928375, 0.9321632204307393, 0.9327791297840645, 0.9229316477526446, 0.9348202265917185, 0.9364145154079102, 0.9345754856459147, 0.9477588744365814, 0.9602101240220366, 0.9361910183317522, 0.9340700644878487, 0.9217503664658137]
Validation Recall: [0.867, 0.8865, 0.9215, 0.888, 0.954, 0.959, 0.954, 0.941, 0.9475, 0.947, 0.9575, 0.953, 0.9115, 0.924, 0.897, 0.908, 0.906, 0.877, 0.91, 0.9135, 0.9095, 0.9345, 0.954, 0.9135, 0.909, 0.9]
Validation Loss Min: 0.0985
Validation Accuracy Max: 0.9590
Validation F1 Max: 0.9587

--- MODEL CONFIGURATION ---
FIRST LAYER NODES: 128
HIDDEN LAYERS: 2
PATIENCE: 15
MAX EPOCHS: 100
EPOCHS RUN: 25

--- CLASSIFICATION REPORT ---
              precision    recall  f1-score   support

           0       1.00      0.99      0.99       300
           1       0.96      0.87      0.91       200
           2       0.99      0.99      0.99       200
           3       0.88      0.96      0.92       200
           4       0.98      0.99      0.99       100

    accuracy                           0.96      1000
   macro avg       0.96      0.96      0.96      1000
weighted avg       0.96      0.96      0.96      1000

VALIDATION MACRO F1: 0.9568
