PARAMS: {'batch_size': 64, 'learning_rate': 0.01, 'dropout_rate': 0.2, 'n_hidden_layers': 2, 'first_layer_nodes': 64, 'epochs': 100, 'patience': 15}
ACCURACY:  0.9790
F1 SCORE:  0.9790
MACRO F1-SCORE: 0.9780
PRECISION: 0.9792
RECALL:    0.9790
TEST LOSS: 0.0804
Validation Loss: [0.15506982803344727, 0.09862538427114487, 0.10666695982217789, 0.10873442888259888, 0.12902869284152985, 0.08391071110963821, 0.09987276792526245, 0.09723196923732758, 0.11977897584438324, 0.13263799250125885, 0.09521585702896118, 0.08971211314201355, 0.07754389196634293, 0.07575161755084991, 0.11302243918180466, 0.12118086218833923, 0.11962589621543884, 0.10587505251169205, 0.14963272213935852, 0.10017073154449463, 0.09966211766004562, 0.0732879713177681, 0.11504503339529037, 0.10092684626579285, 0.07671374827623367, 0.1423153132200241, 0.13466297090053558, 0.15011803805828094, 0.10724439471960068, 0.07421441376209259, 0.10542332381010056, 0.2579443156719208, 0.10418770462274551, 0.15620027482509613, 0.08044247329235077, 0.16202379763126373, 0.13153280317783356]
Validation Accuracy: [0.9480000138282776, 0.968999981880188, 0.9610000252723694, 0.9629999995231628, 0.9585000276565552, 0.9739999771118164, 0.9860000014305115, 0.9570000171661377, 0.9605000019073486, 0.9440000057220459, 0.968999981880188, 0.9639999866485596, 0.965499997138977, 0.9750000238418579, 0.9449999928474426, 0.9394999742507935, 0.949999988079071, 0.9574999809265137, 0.9319999814033508, 0.9555000066757202, 0.9574999809265137, 0.968999981880188, 0.9455000162124634, 0.953499972820282, 0.9815000295639038, 0.9399999976158142, 0.9514999985694885, 0.9375, 0.9474999904632568, 0.9729999899864197, 0.9539999961853027, 0.9049999713897705, 0.949999988079071, 0.9334999918937683, 0.9695000052452087, 0.9340000152587891, 0.9409999847412109]
Validation F1: [0.9479890190264186, 0.9689599022498946, 0.9609347502015231, 0.9628482844690318, 0.9582156540138173, 0.9739677248394232, 0.9860101525335365, 0.9566443651664641, 0.9605726197714676, 0.9431289502909701, 0.9689779171705489, 0.9638051394152867, 0.9653470244206294, 0.9749635046255244, 0.9441516712300693, 0.9383765114332742, 0.9504926077904149, 0.9572085203848578, 0.9302976702227947, 0.9550952112422185, 0.9571381776039962, 0.9688972994172192, 0.9447023548460898, 0.9530302420497956, 0.9815029953792571, 0.9388300933858461, 0.9510017331442131, 0.9362013766022573, 0.9467964576592081, 0.9729583347148172, 0.9535470266661712, 0.8999818157612065, 0.9493795288672583, 0.9318725232809993, 0.9694125891287574, 0.9324509279898842, 0.9399332074840081]
Validation Precision: [0.9484047112650458, 0.9702395421408069, 0.963295113285877, 0.966710780574625, 0.9631743517340533, 0.975198590823361, 0.9860425967029952, 0.9624994294582137, 0.9612462178394703, 0.9536765676567657, 0.970461669271897, 0.9687461410894247, 0.9686430579744358, 0.976143556384624, 0.9545802284259765, 0.9507797617101957, 0.9567777828798516, 0.963049728097231, 0.9466605351662252, 0.9615323743952174, 0.9631718450048754, 0.9714293390393238, 0.954745715535409, 0.96019045744895, 0.9817309435695845, 0.9518124464722236, 0.9584457181583371, 0.9500788524384874, 0.9559959797077817, 0.9744138352016474, 0.9605418656470637, 0.9320344667857492, 0.9579197065398123, 0.9478420320756468, 0.9716373190228633, 0.9479486467430187, 0.9519950300899364]
Validation Recall: [0.948, 0.969, 0.961, 0.963, 0.9585, 0.974, 0.986, 0.957, 0.9605, 0.944, 0.969, 0.964, 0.9655, 0.975, 0.945, 0.9395, 0.95, 0.9575, 0.932, 0.9555, 0.9575, 0.969, 0.9455, 0.9535, 0.9815, 0.94, 0.9515, 0.9375, 0.9475, 0.973, 0.954, 0.905, 0.95, 0.9335, 0.9695, 0.934, 0.941]
Validation Loss Min: 0.0733
Validation Accuracy Max: 0.9860
Validation F1 Max: 0.9860

--- MODEL CONFIGURATION ---
FIRST LAYER NODES: 64
HIDDEN LAYERS: 2
PATIENCE: 15
MAX EPOCHS: 100
EPOCHS RUN: 36

--- CLASSIFICATION REPORT ---
              precision    recall  f1-score   support

           0       1.00      1.00      1.00       300
           1       0.96      0.94      0.95       200
           2       1.00      0.99      0.99       200
           3       0.94      0.97      0.96       200
           4       0.99      0.99      0.99       100

    accuracy                           0.98      1000
   macro avg       0.98      0.98      0.98      1000
weighted avg       0.98      0.98      0.98      1000

VALIDATION MACRO F1: 0.9687
