PARAMS: {'batch_size': 32, 'learning_rate': 0.01, 'dropout_rate': 0.4, 'n_hidden_layers': 3, 'first_layer_nodes': 64, 'epochs': 100, 'patience': 15}
ACCURACY:  0.9300
F1 SCORE:  0.9290
MACRO F1-SCORE: 0.9260
PRECISION: 0.9406
RECALL:    0.9300
TEST LOSS: 0.1921
Validation Loss: [0.3759153187274933, 0.33782264590263367, 0.21876688301563263, 0.34514036774635315, 0.2141534835100174, 0.35018226504325867, 0.34381142258644104, 0.3115813434123993, 0.3061249554157257, 0.19097265601158142, 0.4361889362335205, 0.27503082156181335, 0.3373614251613617, 0.35691967606544495, 0.4211898446083069, 0.2706695795059204, 0.3578358292579651, 0.22257693111896515, 0.3182397782802582, 0.37354791164398193, 0.32331693172454834, 0.25174906849861145, 0.34677717089653015, 0.2977764904499054, 0.3452160358428955]
Validation Accuracy: [0.8105000257492065, 0.9139999747276306, 0.9610000252723694, 0.878000020980835, 0.9434999823570251, 0.862500011920929, 0.8389999866485596, 0.8834999799728394, 0.8665000200271606, 0.9294999837875366, 0.8270000219345093, 0.8880000114440918, 0.8740000128746033, 0.8834999799728394, 0.8640000224113464, 0.8920000195503235, 0.8544999957084656, 0.9200000166893005, 0.8600000143051147, 0.8734999895095825, 0.8769999742507935, 0.8880000114440918, 0.8504999876022339, 0.8855000138282776, 0.8679999709129333]
Validation F1: [0.776507957155183, 0.9112870836675515, 0.9613083293375025, 0.8678607317474811, 0.9431400169373927, 0.8479247741479055, 0.828376708992037, 0.8737533982645186, 0.8522604401186604, 0.927904215768061, 0.7921258882425465, 0.8792129248560139, 0.8643681193206675, 0.8736008160065433, 0.8475777347824874, 0.8841882637778229, 0.8349450474158371, 0.9172886372412652, 0.8486008935026055, 0.8612898014287143, 0.8652353705711812, 0.8796365666575784, 0.8279204944519839, 0.8767774995623849, 0.8542961838017719]
Validation Precision: [0.7495632792883555, 0.9340681799743902, 0.9637223320978431, 0.9187721390489191, 0.9532958911002034, 0.9135792498098096, 0.9081746506133834, 0.9251217644414058, 0.9192803437164339, 0.9453018933251132, 0.9054544474855423, 0.9254454025702814, 0.916400680579785, 0.9239596449283848, 0.9174574058846656, 0.9272304126212262, 0.9141205695673352, 0.9392531168662074, 0.9069967730216056, 0.919563402888035, 0.9223296534529586, 0.923957798914613, 0.9127911511157963, 0.9238145697132881, 0.9166319109518779]
Validation Recall: [0.8105, 0.914, 0.961, 0.878, 0.9435, 0.8625, 0.839, 0.8835, 0.8665, 0.9295, 0.827, 0.888, 0.874, 0.8835, 0.864, 0.892, 0.8545, 0.92, 0.86, 0.8735, 0.877, 0.888, 0.8505, 0.8855, 0.868]
Validation Loss Min: 0.1910
Validation Accuracy Max: 0.9610
Validation F1 Max: 0.9613

--- MODEL CONFIGURATION ---
FIRST LAYER NODES: 64
HIDDEN LAYERS: 3
PATIENCE: 15
MAX EPOCHS: 100
EPOCHS RUN: 24

--- CLASSIFICATION REPORT ---
              precision    recall  f1-score   support

           0       1.00      0.99      0.99       300
           1       0.96      0.70      0.81       200
           2       0.99      0.99      0.99       200
           3       0.76      0.97      0.85       200
           4       0.99      0.99      0.99       100

    accuracy                           0.93      1000
   macro avg       0.94      0.93      0.93      1000
weighted avg       0.94      0.93      0.93      1000

VALIDATION MACRO F1: 0.9271
