PARAMS: {'batch_size': 64, 'learning_rate': 0.001, 'dropout_rate': 0.3, 'n_hidden_layers': 2, 'first_layer_nodes': 128, 'epochs': 100, 'patience': 15}
ACCURACY:  0.9840
F1 SCORE:  0.9840
MACRO F1-SCORE: 0.9820
PRECISION: 0.9841
RECALL:    0.9840
TEST LOSS: 0.0792
Validation Loss: [0.4744466543197632, 0.32246753573417664, 0.21776464581489563, 0.1563941240310669, 0.13629993796348572, 0.12029637396335602, 0.10411044210195541, 0.13426364958286285, 0.09233194589614868, 0.08014760911464691, 0.08155500143766403, 0.08207778632640839, 0.07844662666320801, 0.09573748707771301, 0.0716235488653183, 0.08165105432271957, 0.09295693039894104, 0.08351098001003265, 0.07212650030851364, 0.08507704734802246, 0.06623580306768417, 0.0643695667386055, 0.07962625473737717, 0.09688149392604828, 0.06678865849971771, 0.14898408949375153, 0.06682414561510086, 0.07196366041898727, 0.06455226242542267, 0.07698127627372742, 0.06830302625894547, 0.06355825066566467, 0.06913154572248459, 0.06150500103831291, 0.06569479405879974, 0.07854768633842468, 0.06923629343509674, 0.07679305225610733, 0.06129731982946396, 0.06867720186710358, 0.06572619825601578, 0.10411158949136734, 0.07257426530122757, 0.07027816027402878, 0.06582170724868774, 0.10289167612791061, 0.060331813991069794, 0.0702301636338234, 0.0658903643488884, 0.07337325066328049, 0.06162848323583603, 0.06443832069635391, 0.0561152882874012, 0.07731723040342331, 0.05938234180212021, 0.06268110126256943, 0.06384948641061783, 0.06284566968679428, 0.06289871037006378, 0.05770571157336235, 0.06074753776192665, 0.10215418040752411, 0.06466314941644669, 0.05803622305393219, 0.05715477839112282, 0.06024417281150818, 0.07850305736064911, 0.06417936831712723]
Validation Accuracy: [0.7885000109672546, 0.887499988079071, 0.9524999856948853, 0.9574999809265137, 0.9555000066757202, 0.9580000042915344, 0.9629999995231628, 0.9409999847412109, 0.968500018119812, 0.9745000004768372, 0.968999981880188, 0.9664999842643738, 0.968500018119812, 0.968500018119812, 0.9785000085830688, 0.9629999995231628, 0.9585000276565552, 0.9635000228881836, 0.9865000247955322, 0.9605000019073486, 0.9764999747276306, 0.9810000061988831, 0.9635000228881836, 0.9555000066757202, 0.987500011920929, 0.9290000200271606, 0.9750000238418579, 0.9704999923706055, 0.9810000061988831, 0.9639999866485596, 0.9890000224113464, 0.9810000061988831, 0.9729999899864197, 0.9835000038146973, 0.9819999933242798, 0.9629999995231628, 0.9670000076293945, 0.9679999947547913, 0.9819999933242798, 0.9754999876022339, 0.972000002861023, 0.9570000171661377, 0.9739999771118164, 0.9664999842643738, 0.9789999723434448, 0.9559999704360962, 0.9825000166893005, 0.9735000133514404, 0.9785000085830688, 0.9664999842643738, 0.9850000143051147, 0.9700000286102295, 0.9819999933242798, 0.9624999761581421, 0.9775000214576721, 0.9794999957084656, 0.9714999794960022, 0.9775000214576721, 0.9725000262260437, 0.9904999732971191, 0.9829999804496765, 0.9564999938011169, 0.9714999794960022, 0.9904999732971191, 0.9850000143051147, 0.9760000109672546, 0.9629999995231628, 0.9760000109672546]
Validation F1: [0.7560640610864924, 0.8864075224266753, 0.9524994394744931, 0.9574675022709801, 0.9551333415885228, 0.9579577881583131, 0.962971731290092, 0.9400278487720287, 0.9684145443751102, 0.9744948316693595, 0.9689379534546545, 0.9664202277834869, 0.9684365949456206, 0.9684053488769679, 0.9785081722107412, 0.9627851454509182, 0.9581958226940168, 0.9633078234911042, 0.9865025954487405, 0.9602461170035126, 0.9764929890790158, 0.980999821039072, 0.9633078234911042, 0.9551122199206423, 0.9875056655751389, 0.9269161720516909, 0.974972134795488, 0.9704150624389231, 0.9809964519752657, 0.9638284004516656, 0.9890057174239837, 0.9810041462595426, 0.9729470713610162, 0.9835021983712633, 0.9819945509985664, 0.9627994298482827, 0.9668701525643891, 0.9678736815263228, 0.9819945509985664, 0.9754891422341057, 0.9719342969910535, 0.9566589880411914, 0.9739442788826138, 0.9663627149664401, 0.97898422685769, 0.9556103568902908, 0.9825060234326128, 0.9734444779249924, 0.9784820321538953, 0.9663627149664401, 0.9850007365867124, 0.9699139749906867, 0.9819945509985664, 0.9622930753300692, 0.9774771938011638, 0.9794858552944995, 0.9714257406250892, 0.9774725534786411, 0.972441346829708, 0.9905047018053634, 0.9829945197690608, 0.956108931427647, 0.971426494304492, 0.9905071407357133, 0.9849988219133071, 0.975963385914141, 0.9627883380114077, 0.975972963088735]
Validation Precision: [0.786214479980033, 0.8870017786958633, 0.9525772666379189, 0.9580966355727912, 0.9610859116309893, 0.9596399142676698, 0.9645166578979137, 0.9514068690539279, 0.9714511428154226, 0.9748042187697361, 0.9707092740099713, 0.9684491508540164, 0.9700703901976422, 0.9716829287008523, 0.978630635816373, 0.968125207804041, 0.9635769708403604, 0.9671683993193754, 0.9866407993720339, 0.9648901770292581, 0.9769834226790786, 0.9812882018479033, 0.9671683993193754, 0.961473483583655, 0.9875384022647704, 0.9468847893695223, 0.9760475883294105, 0.9726485549779195, 0.9812331244388237, 0.9674525092398903, 0.989043571023769, 0.9811681974980465, 0.9745468288580871, 0.9836940953602971, 0.9824458696394295, 0.9668470835854799, 0.9698273094299782, 0.9708428532086631, 0.9824458696394295, 0.9760757173269082, 0.9737573757375737, 0.962300516947106, 0.9765683287521386, 0.9694309339350291, 0.9797428631490436, 0.9618898677916345, 0.9826008858457078, 0.9751339452951079, 0.9792993541478695, 0.9694309339350291, 0.9852231931008926, 0.9721043437474631, 0.9824458696394295, 0.9663175953840596, 0.9784181955101551, 0.980253093478362, 0.9734699768745213, 0.9785493302285213, 0.9742226937375178, 0.9905196079033489, 0.9834469944988218, 0.9624538036581594, 0.9742375302972318, 0.9905854092804948, 0.9852892008489023, 0.9772545939422289, 0.9669583355490106, 0.9770521659929208]
Validation Recall: [0.7885, 0.8875, 0.9525, 0.9575, 0.9555, 0.958, 0.963, 0.941, 0.9685, 0.9745, 0.969, 0.9665, 0.9685, 0.9685, 0.9785, 0.963, 0.9585, 0.9635, 0.9865, 0.9605, 0.9765, 0.981, 0.9635, 0.9555, 0.9875, 0.929, 0.975, 0.9705, 0.981, 0.964, 0.989, 0.981, 0.973, 0.9835, 0.982, 0.963, 0.967, 0.968, 0.982, 0.9755, 0.972, 0.957, 0.974, 0.9665, 0.979, 0.956, 0.9825, 0.9735, 0.9785, 0.9665, 0.985, 0.97, 0.982, 0.9625, 0.9775, 0.9795, 0.9715, 0.9775, 0.9725, 0.9905, 0.983, 0.9565, 0.9715, 0.9905, 0.985, 0.976, 0.963, 0.976]
Validation Loss Min: 0.0561
Validation Accuracy Max: 0.9905
Validation F1 Max: 0.9905

--- MODEL CONFIGURATION ---
FIRST LAYER NODES: 128
HIDDEN LAYERS: 2
PATIENCE: 15
MAX EPOCHS: 100
EPOCHS RUN: 67

--- CLASSIFICATION REPORT ---
              precision    recall  f1-score   support

           0       1.00      1.00      1.00       300
           1       0.96      0.97      0.97       200
           2       0.99      0.99      0.99       200
           3       0.97      0.96      0.96       200
           4       0.99      0.99      0.99       100

    accuracy                           0.98      1000
   macro avg       0.98      0.98      0.98      1000
weighted avg       0.98      0.98      0.98      1000

VALIDATION MACRO F1: 0.9818
