PARAMS: {'batch_size': 128, 'learning_rate': 0.001, 'dropout_rate': 0.2, 'n_hidden_layers': 2, 'first_layer_nodes': 256, 'epochs': 100, 'patience': 15}
ACCURACY:  0.9850
F1 SCORE:  0.9850
MACRO F1-SCORE: 0.9840
PRECISION: 0.9851
RECALL:    0.9850
TEST LOSS: 0.0788
Validation Loss: [0.4992402195930481, 0.33427169919013977, 0.22389258444309235, 0.17225593328475952, 0.1816721260547638, 0.12074320018291473, 0.10782688856124878, 0.10839734226465225, 0.09118366241455078, 0.10816339403390884, 0.0817490965127945, 0.09497353434562683, 0.0789734274148941, 0.07511597871780396, 0.07472889125347137, 0.0904264822602272, 0.07742471247911453, 0.0758657306432724, 0.07938630878925323, 0.07507918030023575, 0.07338865846395493, 0.06734983623027802, 0.07266522943973541, 0.07370970398187637, 0.06626446545124054, 0.07525096833705902, 0.0884292721748352, 0.06868666410446167, 0.07395179569721222, 0.07093235105276108, 0.07747448980808258, 0.0827275961637497, 0.0612495057284832, 0.0859290212392807, 0.07558267563581467, 0.06645128130912781, 0.061042316257953644, 0.0625690221786499, 0.07037026435136795, 0.06561576575040817, 0.0700572207570076, 0.06988964974880219, 0.0757116973400116, 0.07870836555957794, 0.06742681562900543, 0.0783664882183075, 0.07829749584197998, 0.06785085797309875, 0.0631096363067627, 0.06109274923801422, 0.06127309426665306, 0.07580554485321045]
Validation Accuracy: [0.8525000214576721, 0.8985000252723694, 0.9284999966621399, 0.9384999871253967, 0.9340000152587891, 0.972000002861023, 0.972000002861023, 0.9570000171661377, 0.9729999899864197, 0.9549999833106995, 0.9714999794960022, 0.9599999785423279, 0.972000002861023, 0.9750000238418579, 0.9729999899864197, 0.9610000252723694, 0.968500018119812, 0.9789999723434448, 0.9710000157356262, 0.9660000205039978, 0.9645000100135803, 0.9894999861717224, 0.9670000076293945, 0.965499997138977, 0.9775000214576721, 0.9670000076293945, 0.9610000252723694, 0.9725000262260437, 0.9639999866485596, 0.9710000157356262, 0.9645000100135803, 0.9639999866485596, 0.9825000166893005, 0.9605000019073486, 0.9649999737739563, 0.9729999899864197, 0.9829999804496765, 0.9819999933242798, 0.9639999866485596, 0.9714999794960022, 0.9679999947547913, 0.9649999737739563, 0.9649999737739563, 0.9635000228881836, 0.9645000100135803, 0.9629999995231628, 0.9635000228881836, 0.9714999794960022, 0.9739999771118164, 0.9735000133514404, 0.9760000109672546, 0.9645000100135803]
Validation F1: [0.8538732493223911, 0.899532890506137, 0.9291196863099794, 0.9387142343334477, 0.9325843412685899, 0.9720011594614147, 0.9719433974193625, 0.9566751320194321, 0.972981009446886, 0.9545976805891285, 0.9714395321748052, 0.9597323200035001, 0.9719632883285155, 0.9749720311283663, 0.9729583347148172, 0.9607552317831622, 0.9684080023860626, 0.97900005031491, 0.9708941215661605, 0.965875194235606, 0.9642798990461966, 0.9895074486730294, 0.9668810255177763, 0.965359022431129, 0.9774771938011638, 0.9668701525643891, 0.9607457580423137, 0.9724427854964983, 0.9637689199662232, 0.9709207640095076, 0.9643169854310731, 0.9637689199662232, 0.9824982972821212, 0.960234296971365, 0.9648259349137773, 0.9729470713610162, 0.9830049989544325, 0.9820003108820469, 0.9637689199662232, 0.9714257406250892, 0.9678842369221783, 0.9647905448610797, 0.9647905448610797, 0.963257602578047, 0.9642798990461966, 0.962798320658015, 0.9632981919449419, 0.9714295454777773, 0.9739486447257959, 0.9734444779249924, 0.975963385914141, 0.9643399995463587]
Validation Precision: [0.8622287999236142, 0.9038041377599952, 0.9333134565183281, 0.9408039983242035, 0.9470027689051468, 0.9729934711400622, 0.9737349602351034, 0.9622476324302431, 0.9744841137093755, 0.9610446408928031, 0.9732141316624737, 0.9647499337154511, 0.9732569080042658, 0.9761305685716957, 0.9744138352016474, 0.9654295659790987, 0.9707360425930801, 0.979294809490061, 0.9745571921573751, 0.9687178515760984, 0.9697152535196358, 0.9895542428780211, 0.969610749670451, 0.968414720187598, 0.9784181955101551, 0.9698273094299782, 0.9654482950056583, 0.974125878241659, 0.9693538676046519, 0.9738414169255086, 0.9681070053927131, 0.9693538676046519, 0.9828245798883282, 0.9650745554179123, 0.9684930282575688, 0.9745468288580871, 0.9831204777062849, 0.9823828993077405, 0.9693538676046519, 0.9734699768745213, 0.9706249946846963, 0.9700781805259416, 0.9700781805259416, 0.9689940129859178, 0.9697152535196358, 0.9667848370514802, 0.96733967015757, 0.9733414720586379, 0.975554414049981, 0.9751339452951079, 0.9772545939422289, 0.9677589475194659]
Validation Recall: [0.8525, 0.8985, 0.9285, 0.9385, 0.934, 0.972, 0.972, 0.957, 0.973, 0.955, 0.9715, 0.96, 0.972, 0.975, 0.973, 0.961, 0.9685, 0.979, 0.971, 0.966, 0.9645, 0.9895, 0.967, 0.9655, 0.9775, 0.967, 0.961, 0.9725, 0.964, 0.971, 0.9645, 0.964, 0.9825, 0.9605, 0.965, 0.973, 0.983, 0.982, 0.964, 0.9715, 0.968, 0.965, 0.965, 0.9635, 0.9645, 0.963, 0.9635, 0.9715, 0.974, 0.9735, 0.976, 0.9645]
Validation Loss Min: 0.0610
Validation Accuracy Max: 0.9895
Validation F1 Max: 0.9895

--- MODEL CONFIGURATION ---
FIRST LAYER NODES: 256
HIDDEN LAYERS: 2
PATIENCE: 15
MAX EPOCHS: 100
EPOCHS RUN: 51

--- CLASSIFICATION REPORT ---
              precision    recall  f1-score   support

           0       1.00      1.00      1.00       300
           1       0.96      0.97      0.97       200
           2       1.00      0.99      1.00       200
           3       0.97      0.96      0.96       200
           4       0.99      0.99      0.99       100

    accuracy                           0.98      1000
   macro avg       0.98      0.98      0.98      1000
weighted avg       0.99      0.98      0.99      1000

VALIDATION MACRO F1: 0.9828
