PARAMS: {'batch_size': 32, 'learning_rate': 0.01, 'dropout_rate': 0.4, 'n_hidden_layers': 2, 'first_layer_nodes': 64, 'epochs': 100, 'patience': 15}
ACCURACY:  0.9750
F1 SCORE:  0.9750
MACRO F1-SCORE: 0.9720
PRECISION: 0.9756
RECALL:    0.9750
TEST LOSS: 0.1048
Validation Loss: [0.3192163407802582, 0.1762426644563675, 0.20455792546272278, 0.15881940722465515, 0.18245521187782288, 0.21106261014938354, 0.18096235394477844, 0.2883615791797638, 0.17989054322242737, 0.11942481994628906, 0.3082915246486664, 0.19355618953704834, 0.18786679208278656, 0.2465858906507492, 0.2250634729862213, 0.09521162509918213, 0.2680940330028534, 0.30400121212005615, 0.6551247835159302, 0.23446159064769745, 0.2688979208469391, 0.34538254141807556, 0.19034911692142487, 0.1467895358800888, 0.46489211916923523, 0.3257802724838257, 0.18544244766235352, 0.15648534893989563, 0.3851732015609741, 0.7714850306510925, 0.2469310760498047]
Validation Accuracy: [0.8955000042915344, 0.9564999938011169, 0.9340000152587891, 0.9244999885559082, 0.9054999947547913, 0.8945000171661377, 0.9110000133514404, 0.887499988079071, 0.9129999876022339, 0.9470000267028809, 0.8949999809265137, 0.9259999990463257, 0.9240000247955322, 0.9089999794960022, 0.9120000004768372, 0.9605000019073486, 0.8999999761581421, 0.8144999742507935, 0.699999988079071, 0.906499981880188, 0.8974999785423279, 0.8799999952316284, 0.934499979019165, 0.9409999847412109, 0.7110000252723694, 0.815500020980835, 0.9225000143051147, 0.9294999837875366, 0.8159999847412109, 0.7085000276565552, 0.9045000076293945]
Validation F1: [0.8957120375639621, 0.9565285771579872, 0.9335531680729423, 0.9222197407062915, 0.9006526495740548, 0.8874120016593411, 0.9078174032716747, 0.8790696669890472, 0.9094415369402908, 0.9463467634977692, 0.8891667594279529, 0.9244890242971003, 0.9217317923776756, 0.9055850111733678, 0.9085645788164665, 0.9603377553711409, 0.894172979221735, 0.799003762516503, 0.6191138175835552, 0.9018174143663334, 0.8916292636608624, 0.8688981420853961, 0.9330980888312622, 0.9400450649859997, 0.6317836600708197, 0.8021524326416156, 0.9205823566762964, 0.927692958952209, 0.8022302937024092, 0.6289954405168999, 0.8996591481199945]
Validation Precision: [0.9016035256718504, 0.9579009981741566, 0.9469170727639064, 0.9419128570968617, 0.932051551794271, 0.9274984979565525, 0.9351613052954046, 0.9247223517730715, 0.9359336487913049, 0.9557476461341502, 0.9277762417133757, 0.9435364984926458, 0.9419323933528749, 0.9319747990025838, 0.934472598845132, 0.9643346539978312, 0.9293069694798127, 0.8618210600223323, 0.6089682687765402, 0.9325590578070707, 0.9273669212388709, 0.9233815509295253, 0.9476701311300635, 0.951288250606219, 0.6147847625993057, 0.8622506215524446, 0.9388073997300292, 0.9452901324621671, 0.8621837086024803, 0.6131447416536328, 0.9310903599163426]
Validation Recall: [0.8955, 0.9565, 0.934, 0.9245, 0.9055, 0.8945, 0.911, 0.8875, 0.913, 0.947, 0.895, 0.926, 0.924, 0.909, 0.912, 0.9605, 0.9, 0.8145, 0.7, 0.9065, 0.8975, 0.88, 0.9345, 0.941, 0.711, 0.8155, 0.9225, 0.9295, 0.816, 0.7085, 0.9045]
Validation Loss Min: 0.0952
Validation Accuracy Max: 0.9605
Validation F1 Max: 0.9603

--- MODEL CONFIGURATION ---
FIRST LAYER NODES: 64
HIDDEN LAYERS: 2
PATIENCE: 15
MAX EPOCHS: 100
EPOCHS RUN: 30

--- CLASSIFICATION REPORT ---
              precision    recall  f1-score   support

           0       1.00      1.00      1.00       300
           1       0.96      0.92      0.94       200
           2       0.99      0.99      0.99       200
           3       0.92      0.97      0.94       200
           4       1.00      0.99      0.99       100

    accuracy                           0.97      1000
   macro avg       0.98      0.97      0.97      1000
weighted avg       0.98      0.97      0.98      1000

VALIDATION MACRO F1: 0.9600
