PARAMS: {'batch_size': 32, 'learning_rate': 0.001, 'dropout_rate': 0.4, 'n_hidden_layers': 3, 'first_layer_nodes': 256, 'epochs': 100, 'patience': 15}
ACCURACY:  0.9840
F1 SCORE:  0.9840
MACRO F1-SCORE: 0.9840
PRECISION: 0.9841
RECALL:    0.9840
TEST LOSS: 0.0837
Validation Loss: [0.3647516667842865, 0.19881001114845276, 0.16997569799423218, 0.10720467567443848, 0.0952802523970604, 0.11715009063482285, 0.09265995770692825, 0.10983456671237946, 0.12003356218338013, 0.09143666177988052, 0.08852092176675797, 0.08661827445030212, 0.0910496637225151, 0.07297420501708984, 0.08540903031826019, 0.08153840154409409, 0.07091148942708969, 0.07010903209447861, 0.08936948329210281, 0.11386830359697342, 0.07743498682975769, 0.07290488481521606, 0.16434669494628906, 0.06566648185253143, 0.0733751654624939, 0.07127804309129715, 0.08624448627233505, 0.06514748930931091, 0.08067647367715836, 0.07282215356826782, 0.06517696380615234, 0.08215063065290451, 0.11640474945306778, 0.08505640178918839, 0.07620842754840851, 0.06914257258176804, 0.07934900373220444, 0.06244170293211937, 0.06830256432294846, 0.08533410727977753, 0.06956378370523453, 0.0863049253821373, 0.07664565742015839, 0.06899867206811905, 0.07706126570701599, 0.06520940363407135, 0.0825384259223938, 0.07280684262514114, 0.0696425586938858, 0.06787804514169693, 0.06811895221471786, 0.08983633667230606, 0.07704952359199524]
Validation Accuracy: [0.8659999966621399, 0.9480000138282776, 0.9340000152587891, 0.9559999704360962, 0.9589999914169312, 0.9589999914169312, 0.9674999713897705, 0.9520000219345093, 0.9589999914169312, 0.9605000019073486, 0.9635000228881836, 0.9714999794960022, 0.9585000276565552, 0.9700000286102295, 0.9679999947547913, 0.9629999995231628, 0.968999981880188, 0.9779999852180481, 0.9585000276565552, 0.9505000114440918, 0.9714999794960022, 0.9739999771118164, 0.9355000257492065, 0.9710000157356262, 0.9735000133514404, 0.9695000052452087, 0.9629999995231628, 0.9735000133514404, 0.9670000076293945, 0.9750000238418579, 0.9750000238418579, 0.9629999995231628, 0.9514999985694885, 0.9599999785423279, 0.9635000228881836, 0.9810000061988831, 0.972000002861023, 0.9779999852180481, 0.9725000262260437, 0.9605000019073486, 0.9754999876022339, 0.9614999890327454, 0.9739999771118164, 0.9649999737739563, 0.9704999923706055, 0.9825000166893005, 0.9649999737739563, 0.9664999842643738, 0.9850000143051147, 0.9785000085830688, 0.9835000038146973, 0.9635000228881836, 0.9670000076293945]
Validation F1: [0.8668292845760004, 0.9479147226282487, 0.9334261381355531, 0.9556476536594595, 0.9587108629432157, 0.9590442568602302, 0.9673664075017512, 0.9515430619350905, 0.958688167449507, 0.9602302694138455, 0.9634604459667996, 0.9714257406250892, 0.9581955134306731, 0.969921813994569, 0.9679106582515759, 0.9628232979861807, 0.96892755623032, 0.9779796893840637, 0.958198426079073, 0.9499953387477981, 0.9714433790021482, 0.9739550462218218, 0.9341446152604211, 0.9708921622424173, 0.9734562841251627, 0.9694388562977965, 0.9628102928380143, 0.9734473031426166, 0.9668863499455997, 0.9750165592512137, 0.9749635046255244, 0.9627883380114077, 0.950979458143423, 0.95972249942533, 0.963257602578047, 0.9809964519752657, 0.9719159370012842, 0.9779796893840637, 0.9724427854964983, 0.9602461170035126, 0.975466626380342, 0.9612726678076691, 0.9739979642708343, 0.9647545284263315, 0.970421752588104, 0.9825060234326128, 0.9647905448610797, 0.9663693451526572, 0.9850007365867124, 0.9784820321538953, 0.9834980974469854, 0.963257602578047, 0.9669818090872764]
Validation Precision: [0.8745052449392036, 0.9522826460109286, 0.9369848469341521, 0.9615191093837093, 0.9637715115348421, 0.9600440681323035, 0.9704471476824601, 0.9584558823529411, 0.9652615842709329, 0.9652376672178653, 0.9650492062438644, 0.9734699768745213, 0.96364473069942, 0.9719161928579421, 0.9707967542710899, 0.9664317820993937, 0.9709455075541175, 0.9788578031393483, 0.9634015809158908, 0.9578328814481385, 0.9730977117748767, 0.9753941552761517, 0.948313135756398, 0.9737400597202578, 0.9749015687040615, 0.9710794973900536, 0.966680665816961, 0.9750158519076373, 0.9694644464446445, 0.9750432679896874, 0.976143556384624, 0.9669583355490106, 0.9586565795978245, 0.9647023027620044, 0.9689940129859178, 0.9812331244388237, 0.975086715315862, 0.9788578031393483, 0.974125878241659, 0.9648901770292581, 0.9765764098338419, 0.9655548601771136, 0.9742077353687592, 0.9699500719302699, 0.9725658098401254, 0.9826008858457078, 0.9700781805259416, 0.9692778188294754, 0.9852231931008926, 0.9792993541478695, 0.983825029528616, 0.9689940129859178, 0.9681155920470096]
Validation Recall: [0.866, 0.948, 0.934, 0.956, 0.959, 0.959, 0.9675, 0.952, 0.959, 0.9605, 0.9635, 0.9715, 0.9585, 0.97, 0.968, 0.963, 0.969, 0.978, 0.9585, 0.9505, 0.9715, 0.974, 0.9355, 0.971, 0.9735, 0.9695, 0.963, 0.9735, 0.967, 0.975, 0.975, 0.963, 0.9515, 0.96, 0.9635, 0.981, 0.972, 0.978, 0.9725, 0.9605, 0.9755, 0.9615, 0.974, 0.965, 0.9705, 0.9825, 0.965, 0.9665, 0.985, 0.9785, 0.9835, 0.9635, 0.967]
Validation Loss Min: 0.0624
Validation Accuracy Max: 0.9850
Validation F1 Max: 0.9850

--- MODEL CONFIGURATION ---
FIRST LAYER NODES: 256
HIDDEN LAYERS: 3
PATIENCE: 15
MAX EPOCHS: 100
EPOCHS RUN: 52

--- CLASSIFICATION REPORT ---
              precision    recall  f1-score   support

           0       1.00      0.99      1.00       300
           1       0.96      0.97      0.97       200
           2       0.99      0.99      0.99       200
           3       0.97      0.96      0.97       200
           4       1.00      0.99      0.99       100

    accuracy                           0.98      1000
   macro avg       0.98      0.98      0.98      1000
weighted avg       0.98      0.98      0.98      1000

VALIDATION MACRO F1: 0.9778
