PARAMS: {'batch_size': 128, 'learning_rate': 0.001, 'dropout_rate': 0.4, 'epochs': 100, 'patience': 15}
ACCURACY:  0.9840
F1 SCORE:  0.9837
PRECISION: 0.9841
RECALL:    0.9833
TEST LOSS: 0.0678
Validation Loss: [0.8042012453079224, 0.45179101824760437, 0.2972088158130646, 0.21131952106952667, 0.16620831191539764, 0.13837578892707825, 0.1274009346961975, 0.11438581347465515, 0.11636711657047272, 0.10546011477708817, 0.10142626613378525, 0.10068344324827194, 0.09670339524745941, 0.09329089522361755, 0.10700497031211853, 0.11886701732873917, 0.0892719179391861, 0.09330849349498749, 0.08542506396770477, 0.08630119264125824, 0.08450427651405334, 0.0834631621837616, 0.10052073001861572, 0.08233943581581116, 0.10104518383741379, 0.08139007538557053, 0.08217789977788925, 0.08957237005233765, 0.090643510222435, 0.08604641258716583, 0.08213114738464355, 0.08377257734537125, 0.0921221524477005, 0.08129383623600006, 0.07994046062231064, 0.09543652832508087, 0.0801185816526413, 0.08646860718727112, 0.0882391706109047, 0.08285711705684662, 0.08457600325345993, 0.08669149875640869, 0.087338887155056, 0.08147750794887543, 0.09091738611459732, 0.09100830554962158, 0.0841042548418045, 0.07833440601825714, 0.09640257060527802, 0.09554583579301834, 0.08159428834915161, 0.08794081956148148, 0.0780433788895607, 0.08233732730150223, 0.09836611151695251, 0.08028551936149597, 0.07935846596956253, 0.08063864707946777, 0.11402338743209839, 0.08456503599882126, 0.08666597306728363, 0.08152490854263306, 0.07921518385410309, 0.10609358549118042, 0.09580952674150467, 0.08039139956235886, 0.08724655956029892, 0.08401255309581757]
Validation Accuracy: [0.7739999890327454, 0.7910000085830688, 0.8769999742507935, 0.9110000133514404, 0.9524999856948853, 0.9605000019073486, 0.9670000076293945, 0.9700000286102295, 0.9635000228881836, 0.9754999876022339, 0.9760000109672546, 0.9735000133514404, 0.9725000262260437, 0.9775000214576721, 0.9639999866485596, 0.9595000147819519, 0.9785000085830688, 0.9629999995231628, 0.9810000061988831, 0.984499990940094, 0.9754999876022339, 0.9779999852180481, 0.9585000276565552, 0.9775000214576721, 0.9585000276565552, 0.9789999723434448, 0.9769999980926514, 0.9645000100135803, 0.9589999914169312, 0.9729999899864197, 0.9779999852180481, 0.9745000004768372, 0.9700000286102295, 0.9750000238418579, 0.9779999852180481, 0.968999981880188, 0.9769999980926514, 0.9639999866485596, 0.972000002861023, 0.9764999747276306, 0.9760000109672546, 0.9750000238418579, 0.9649999737739563, 0.9804999828338623, 0.9714999794960022, 0.9710000157356262, 0.9739999771118164, 0.9785000085830688, 0.9589999914169312, 0.9704999923706055, 0.9779999852180481, 0.9639999866485596, 0.9819999933242798, 0.9769999980926514, 0.968999981880188, 0.9779999852180481, 0.9785000085830688, 0.9779999852180481, 0.9635000228881836, 0.9764999747276306, 0.9635000228881836, 0.9785000085830688, 0.9794999957084656, 0.968500018119812, 0.968500018119812, 0.9860000014305115, 0.9829999804496765, 0.9664999842643738]
Validation F1: [0.7398823851511797, 0.7566567661198715, 0.8755331874855605, 0.9091358919452186, 0.9525432511005715, 0.9603226509062354, 0.9669162075558626, 0.9699460525506781, 0.9633639795273962, 0.9754865096670631, 0.9759857198325801, 0.9734716055530444, 0.9724811519222487, 0.977497024463014, 0.9638817430912855, 0.9592806184645549, 0.9785020466304911, 0.962815403777583, 0.9810041268991153, 0.9845093183676473, 0.9754838816124767, 0.9779935289004303, 0.9581389528536522, 0.977497024463014, 0.9581389528536522, 0.9790007011129792, 0.9769935601299359, 0.9643071630677569, 0.9586385375721223, 0.9729676894043278, 0.9779935289004303, 0.9744835692101025, 0.9699335179455004, 0.9749815177076564, 0.9779901823163725, 0.9689317032905976, 0.9769900854925077, 0.9637970695124507, 0.971951209772633, 0.976484194014851, 0.9759860943855333, 0.9749719247268456, 0.9647893978449209, 0.9804975499362346, 0.9714470947306634, 0.9709427776152979, 0.9739711902715145, 0.9784919045257697, 0.9586385375721223, 0.9704456372691483, 0.9779901823163725, 0.9637970695124507, 0.9820006104597574, 0.9769935601299359, 0.968923392263178, 0.9779901823163725, 0.9784919045257697, 0.9779935289004303, 0.9633378188308696, 0.9764918420628571, 0.9633149884960532, 0.9784979496065066, 0.9794949664750922, 0.9684179926079822, 0.9684427223461187, 0.9860082301835066, 0.9829974003103836, 0.9663677043799698]
VALIDATION MACRO F1: [0.6448864868739032, 0.6586941175629956, 0.8618436005886088, 0.9082039589767692, 0.9517048926416101, 0.9602399410142984, 0.9668334976639258, 0.9698633426587413, 0.9630331337562519, 0.9754037997751261, 0.9756548740614358, 0.9733888956611075, 0.9723984420303118, 0.9774143145710772, 0.9635508973201411, 0.9589497726934108, 0.9784193367385543, 0.9627326938856463, 0.9809214170071783, 0.9844266084757104, 0.9755671455591877, 0.9780767928471412, 0.9580562429617153, 0.9774143145710772, 0.9580562429617153, 0.9789179912210424, 0.977076824076647, 0.9643904270144679, 0.9587218015188335, 0.9728015767924353, 0.9780767928471412, 0.9745668331568135, 0.9700167818922114, 0.9750647816543674, 0.9780734462630836, 0.9690149672373087, 0.9770733494392185, 0.9638803334591618, 0.9720344737193441, 0.976567457961562, 0.9760693583322443, 0.9750551886735567, 0.9648726617916321, 0.9805808138829457, 0.9715303586773743, 0.9710260415620091, 0.9740544542182257, 0.9785751684724808, 0.9587218015188335, 0.9705289012158594, 0.9780734462630836, 0.9638803334591618, 0.9820838744064686, 0.977076824076647, 0.969006656209889, 0.9780734462630836, 0.9785751684724808, 0.9780767928471412, 0.9634210827775807, 0.9765751060095681, 0.9633982524427644, 0.9785812135532176, 0.9795782304218033, 0.9685012565546934, 0.9685259862928298, 0.9860914941302177, 0.9830806642570948, 0.9664509683266808]
Validation Precision: [0.7277586529103363, 0.7299699311212259, 0.8864215551458509, 0.9227849865570427, 0.9533397496540268, 0.9643616811311567, 0.9689294709285207, 0.9714482340353955, 0.9661289486091467, 0.9761270058545669, 0.976500487544289, 0.9744679172619322, 0.9732259617405927, 0.977859908827196, 0.9663268233747724, 0.9632157833430403, 0.9787238671824566, 0.9673182554942467, 0.9811436067836002, 0.9846094932006304, 0.9761766767527629, 0.9784397145864254, 0.9653226538823553, 0.977859908827196, 0.9653226538823553, 0.9792546880740813, 0.9774385897270329, 0.9691222527397859, 0.9658209982669217, 0.9738601178206718, 0.9784397145864254, 0.9751741736238517, 0.971687938469042, 0.9757299399279761, 0.9785302058291347, 0.9706793763939979, 0.9775285676943576, 0.9687529059571928, 0.9733791780570985, 0.977179179881674, 0.9766253502391332, 0.9759704614835196, 0.9700765249105081, 0.9808220249923189, 0.9729536948733025, 0.9725300028588653, 0.9749662616464985, 0.9789845174074381, 0.9658209982669217, 0.9719465784199617, 0.9785302058291347, 0.9687529059571928, 0.9822218745262409, 0.9774385897270329, 0.9708528782291637, 0.9785302058291347, 0.9789845174074381, 0.9784397145864254, 0.9666062121157195, 0.9769817670636449, 0.967816599878813, 0.9788211257117434, 0.9798991875428519, 0.9704379417995872, 0.9699323455132804, 0.9861525257517338, 0.9839733486773367, 0.97009423462286]
Validation Recall: [0.774, 0.791, 0.877, 0.911, 0.9525, 0.9605, 0.967, 0.97, 0.9635, 0.9755, 0.976, 0.9735, 0.9725, 0.9775, 0.964, 0.9595, 0.9785, 0.963, 0.981, 0.9845, 0.9755, 0.978, 0.9585, 0.9775, 0.9585, 0.979, 0.977, 0.9645, 0.959, 0.973, 0.978, 0.9745, 0.97, 0.975, 0.978, 0.969, 0.977, 0.964, 0.972, 0.9765, 0.976, 0.975, 0.965, 0.9805, 0.9715, 0.971, 0.974, 0.9785, 0.959, 0.9705, 0.978, 0.964, 0.982, 0.977, 0.969, 0.978, 0.9785, 0.978, 0.9635, 0.9765, 0.9635, 0.9785, 0.9795, 0.9685, 0.9685, 0.986, 0.983, 0.9665]
Validation Loss Min: 0.0780
Validation Accuracy Max: 0.9860
Validation F1 Max: 0.9860
VALIDATION MACRO F1 Max: 0.9861

--- MODEL CONFIGURATION ---
PATIENCE: 15
MAX EPOCHS: 100
EPOCHS RUN: 68

--- CLASSIFICATION REPORT ---
              precision    recall  f1-score   support

           0       1.00      1.00      1.00       300
           1       0.96      0.97      0.97       200
           2       0.99      0.99      0.99       200
           3       0.96      0.96      0.96       200
           4       1.00      0.99      0.99       100

    accuracy                           0.98      1000
   macro avg       0.98      0.98      0.98      1000
weighted avg       0.98      0.98      0.98      1000
