PARAMS: {'batch_size': 32, 'learning_rate': 0.001, 'dropout_rate': 0.4, 'n_hidden_layers': 2, 'first_layer_nodes': 128, 'epochs': 100, 'patience': 15}
ACCURACY:  0.9830
F1 SCORE:  0.9830
MACRO F1-SCORE: 0.9820
PRECISION: 0.9830
RECALL:    0.9830
TEST LOSS: 0.0755
Validation Loss: [0.4359653890132904, 0.2575513422489166, 0.17302361130714417, 0.12346106022596359, 0.11818128079175949, 0.12322975695133209, 0.09010417014360428, 0.08023891597986221, 0.09640412032604218, 0.07820852845907211, 0.0863460898399353, 0.08110582828521729, 0.07667582482099533, 0.07291804999113083, 0.08164085447788239, 0.07502974569797516, 0.07093330472707748, 0.07736526429653168, 0.07344576716423035, 0.08925709128379822, 0.0926920473575592, 0.07633092999458313, 0.1254703551530838, 0.10815754532814026, 0.06827182322740555, 0.08303766697645187, 0.07321130484342575, 0.0683583915233612, 0.10932465642690659, 0.07329340279102325, 0.09577096253633499, 0.07280153036117554, 0.07226456701755524, 0.0766439288854599, 0.09565015137195587, 0.07956310361623764, 0.0692114606499672, 0.07317934185266495, 0.06442485004663467, 0.06592975556850433, 0.07335840910673141, 0.06585586816072464, 0.06435457617044449, 0.07224493473768234, 0.06984983384609222, 0.06756704300642014, 0.06769638508558273, 0.07932450622320175, 0.09988421946763992, 0.11140874028205872, 0.07167872786521912, 0.06658396869897842, 0.08681620657444, 0.06378791481256485, 0.06581044942140579, 0.06816644221544266, 0.11246492713689804, 0.07970437407493591, 0.06491819769144058, 0.07869193702936172, 0.077588751912117, 0.06424390524625778, 0.06667836010456085, 0.07268430292606354, 0.10167397558689117, 0.0704212561249733, 0.06776756048202515, 0.07127143442630768, 0.06360217183828354, 0.06556582450866699, 0.11471212655305862, 0.09697658568620682, 0.057097651064395905, 0.0770321786403656, 0.11003324389457703, 0.06353184580802917, 0.062045007944107056, 0.06588730961084366, 0.07890681177377701, 0.07553225755691528, 0.09095721691846848, 0.06716177612543106, 0.07970819622278214, 0.06508336961269379, 0.06882895529270172, 0.06893758475780487, 0.06660204380750656, 0.07618457823991776]
Validation Accuracy: [0.7839999794960022, 0.925000011920929, 0.9394999742507935, 0.968500018119812, 0.9559999704360962, 0.9484999775886536, 0.9850000143051147, 0.9804999828338623, 0.9610000252723694, 0.9695000052452087, 0.9670000076293945, 0.968999981880188, 0.9679999947547913, 0.9704999923706055, 0.9635000228881836, 0.9769999980926514, 0.9900000095367432, 0.9704999923706055, 0.9764999747276306, 0.9620000123977661, 0.9570000171661377, 0.9639999866485596, 0.9465000033378601, 0.9555000066757202, 0.9695000052452087, 0.9704999923706055, 0.9729999899864197, 0.9745000004768372, 0.953499972820282, 0.9745000004768372, 0.9574999809265137, 0.9660000205039978, 0.9674999713897705, 0.9700000286102295, 0.9564999938011169, 0.9624999761581421, 0.9714999794960022, 0.9810000061988831, 0.9769999980926514, 0.9884999990463257, 0.9639999866485596, 0.9909999966621399, 0.9794999957084656, 0.9754999876022339, 0.9775000214576721, 0.9760000109672546, 0.9810000061988831, 0.9645000100135803, 0.9564999938011169, 0.9545000195503235, 0.9660000205039978, 0.9725000262260437, 0.9610000252723694, 0.9804999828338623, 0.984499990940094, 0.9764999747276306, 0.953499972820282, 0.9649999737739563, 0.9850000143051147, 0.9674999713897705, 0.9610000252723694, 0.9829999804496765, 0.9769999980926514, 0.9645000100135803, 0.9570000171661377, 0.9819999933242798, 0.9909999966621399, 0.9649999737739563, 0.9760000109672546, 0.9745000004768372, 0.953000009059906, 0.9555000066757202, 0.9825000166893005, 0.9624999761581421, 0.9514999985694885, 0.9725000262260437, 0.9775000214576721, 0.9745000004768372, 0.9614999890327454, 0.9639999866485596, 0.9580000042915344, 0.9714999794960022, 0.9639999866485596, 0.9815000295639038, 0.968999981880188, 0.9710000157356262, 0.9764999747276306, 0.9649999737739563]
Validation F1: [0.7539319082774684, 0.9256572056742093, 0.9400666344655877, 0.9684444707867804, 0.9556677195781087, 0.947915287250236, 0.9850126526854445, 0.9805101613645159, 0.9607693831179335, 0.9694815462248491, 0.9669257591672479, 0.9689046975607069, 0.9679398678344615, 0.970421752588104, 0.9633335024544833, 0.9769918151304521, 0.9900085322202451, 0.9704150624389231, 0.9764804822941592, 0.9617636408821825, 0.9566589880411914, 0.9637689199662232, 0.9457510449705949, 0.9550952112422185, 0.9694164918796864, 0.9703870852932318, 0.9729470713610162, 0.9744882418970285, 0.9530306887402719, 0.9744690552611287, 0.9571582877864308, 0.9658639528697809, 0.9673878360481554, 0.9699247781947806, 0.9561414660969916, 0.9623023546834174, 0.97143359287491, 0.9809943831396384, 0.9769745406536665, 0.9885077036212505, 0.9638296216759947, 0.9910047579566015, 0.9794862782381324, 0.9754655882376713, 0.9774771938011638, 0.9759687426353709, 0.9810041462595426, 0.9642798990461966, 0.956108931427647, 0.9540821461223966, 0.9658108568147286, 0.97244515949472, 0.9607571996583499, 0.9804899699788605, 0.984499949839756, 0.9765140748233904, 0.9530118095672394, 0.9647905448610797, 0.9850007365867124, 0.967338950729057, 0.9607723495290724, 0.9829970223890515, 0.9769745406536665, 0.964330213961488, 0.9566589880411914, 0.982005965749118, 0.9910054079108588, 0.9647905448610797, 0.9759695768665363, 0.9744998959632094, 0.9525373196993396, 0.9550952112422185, 0.9824958418106724, 0.9623040499863925, 0.9509388271386431, 0.9724427854964983, 0.9774771938011638, 0.9744587448098794, 0.9612568876677222, 0.9638213764395015, 0.9576718435264368, 0.97143359287491, 0.9638345591717139, 0.9815048586337444, 0.9690028184163668, 0.9709286764895051, 0.9764717251853942, 0.9647905448610797]
Validation Precision: [0.7803340654978558, 0.9363856575467524, 0.9488121448404565, 0.9700106462389408, 0.9612160008811214, 0.9560123313910851, 0.985065377364228, 0.9805638075811073, 0.9653216458997392, 0.9702938866075235, 0.9688646220182436, 0.9713414521977736, 0.9695874383962318, 0.9725658098401254, 0.9668812840720825, 0.977582333618018, 0.9902468406597991, 0.9726485549779195, 0.9774378754356507, 0.9662923312035637, 0.962300516947106, 0.9693538676046519, 0.9553271720614684, 0.9615323743952174, 0.971503277573238, 0.9741749766451585, 0.9745468288580871, 0.9751322171904895, 0.9601162689930188, 0.9756133336910927, 0.962862978460967, 0.9689383473629392, 0.9700127123040397, 0.971967263815931, 0.9621915249303711, 0.9661461592079512, 0.9732893356347515, 0.981497711966471, 0.9779805167729958, 0.9885328389600493, 0.9673085546008702, 0.991014850559234, 0.9801883448838412, 0.9766789108978653, 0.9784181955101551, 0.9771108886462, 0.9811681974980465, 0.9697152535196358, 0.9624538036581594, 0.9606885439527696, 0.9708086974122961, 0.9740072218164193, 0.965266058625567, 0.9810852861662642, 0.9847550002034277, 0.9766367898515036, 0.960332988753642, 0.9700781805259416, 0.9852231931008926, 0.9719162806656373, 0.9649977592856497, 0.9833632193822448, 0.9779805167729958, 0.9678616041465868, 0.962300516947106, 0.9825166143280348, 0.9910137095073263, 0.9700781805259416, 0.9770111580611235, 0.9748209827660259, 0.9594265676567657, 0.9615323743952174, 0.9829035046934789, 0.9662086769686786, 0.9589461109420397, 0.974125878241659, 0.9784181955101551, 0.9758205580351493, 0.9658235321090402, 0.9674732566558528, 0.9632279525047475, 0.9732893356347515, 0.9672332274554003, 0.9816436067836003, 0.9692852048449065, 0.9728737173482969, 0.9775447525650108, 0.9700781805259416]
Validation Recall: [0.784, 0.925, 0.9395, 0.9685, 0.956, 0.9485, 0.985, 0.9805, 0.961, 0.9695, 0.967, 0.969, 0.968, 0.9705, 0.9635, 0.977, 0.99, 0.9705, 0.9765, 0.962, 0.957, 0.964, 0.9465, 0.9555, 0.9695, 0.9705, 0.973, 0.9745, 0.9535, 0.9745, 0.9575, 0.966, 0.9675, 0.97, 0.9565, 0.9625, 0.9715, 0.981, 0.977, 0.9885, 0.964, 0.991, 0.9795, 0.9755, 0.9775, 0.976, 0.981, 0.9645, 0.9565, 0.9545, 0.966, 0.9725, 0.961, 0.9805, 0.9845, 0.9765, 0.9535, 0.965, 0.985, 0.9675, 0.961, 0.983, 0.977, 0.9645, 0.957, 0.982, 0.991, 0.965, 0.976, 0.9745, 0.953, 0.9555, 0.9825, 0.9625, 0.9515, 0.9725, 0.9775, 0.9745, 0.9615, 0.964, 0.958, 0.9715, 0.964, 0.9815, 0.969, 0.971, 0.9765, 0.965]
Validation Loss Min: 0.0571
Validation Accuracy Max: 0.9910
Validation F1 Max: 0.9910

--- MODEL CONFIGURATION ---
FIRST LAYER NODES: 128
HIDDEN LAYERS: 2
PATIENCE: 15
MAX EPOCHS: 100
EPOCHS RUN: 87

--- CLASSIFICATION REPORT ---
              precision    recall  f1-score   support

           0       1.00      1.00      1.00       300
           1       0.96      0.96      0.96       200
           2       1.00      0.99      1.00       200
           3       0.96      0.96      0.96       200
           4       0.99      0.99      0.99       100

    accuracy                           0.98      1000
   macro avg       0.98      0.98      0.98      1000
weighted avg       0.98      0.98      0.98      1000

VALIDATION MACRO F1: 0.9823
