PARAMS: {'batch_size': 32, 'learning_rate': 0.001, 'dropout_rate': 0.3, 'n_hidden_layers': 2, 'first_layer_nodes': 128, 'epochs': 100, 'patience': 15}
ACCURACY:  0.9840
F1 SCORE:  0.9840
MACRO F1-SCORE: 0.9820
PRECISION: 0.9841
RECALL:    0.9840
TEST LOSS: 0.0853
Validation Loss: [0.39696574211120605, 0.24730707705020905, 0.1516125500202179, 0.11702670902013779, 0.10725865513086319, 0.09450080245733261, 0.11201208829879761, 0.08216647058725357, 0.0844697654247284, 0.09576371312141418, 0.08809299767017365, 0.07854454219341278, 0.09839426726102829, 0.07907648384571075, 0.0773378312587738, 0.06700367480516434, 0.08010286837816238, 0.07624097168445587, 0.06497551500797272, 0.08000096678733826, 0.10031455755233765, 0.08435674011707306, 0.06751415878534317, 0.07353651523590088, 0.07502869516611099, 0.08005335927009583, 0.07815694063901901, 0.0654471144080162, 0.06720039248466492, 0.06541285663843155, 0.1081540659070015, 0.0883043110370636, 0.08106043189764023, 0.07009183615446091]
Validation Accuracy: [0.8665000200271606, 0.9014999866485596, 0.9545000195503235, 0.9725000262260437, 0.9629999995231628, 0.9695000052452087, 0.9545000195503235, 0.968500018119812, 0.9670000076293945, 0.9854999780654907, 0.9614999890327454, 0.9819999933242798, 0.9679999947547913, 0.9679999947547913, 0.9754999876022339, 0.9804999828338623, 0.9635000228881836, 0.9825000166893005, 0.9754999876022339, 0.9624999761581421, 0.9585000276565552, 0.9695000052452087, 0.9695000052452087, 0.9670000076293945, 0.9639999866485596, 0.9635000228881836, 0.9629999995231628, 0.9800000190734863, 0.9729999899864197, 0.972000002861023, 0.949999988079071, 0.9589999914169312, 0.9704999923706055, 0.9829999804496765]
Validation F1: [0.8658595280182348, 0.9015857631569251, 0.9542055600565849, 0.9724714763643277, 0.962954651517639, 0.9694455913514732, 0.9541009534779695, 0.9684145443751102, 0.9668769700193182, 0.9855108507520112, 0.9613214684095368, 0.9820072613359536, 0.9678573934646452, 0.9678987982410067, 0.9755140618756101, 0.9804954599704022, 0.9633335024544833, 0.9824958418106724, 0.9754891422341057, 0.9622608910710424, 0.9581850374819113, 0.9694265713930854, 0.9694125891287574, 0.966922028494498, 0.9638345591717139, 0.963257602578047, 0.9628117412945157, 0.9800024380687187, 0.9729401089263672, 0.9719307450945893, 0.9493795288672583, 0.958697874736874, 0.9704220019128483, 0.9830115900216133]
Validation Precision: [0.8727952145799578, 0.9079131271162001, 0.9592958186403605, 0.9742284809003701, 0.9648421516359781, 0.9709185784162058, 0.9605616890913928, 0.9714511428154226, 0.9698625331341588, 0.9856747980363186, 0.9649281031574867, 0.9821082992736179, 0.9721700741502721, 0.9703950879964591, 0.9760038685227983, 0.9807654947938855, 0.9668812840720825, 0.9829035046934789, 0.9760757173269082, 0.9680136929114135, 0.9635943617177575, 0.9722429652084825, 0.9716373190228633, 0.9689232117427976, 0.9672332274554003, 0.9689940129859178, 0.9665320542626544, 0.980223754835529, 0.9747152803096079, 0.9738833091001465, 0.9579197065398123, 0.9639622163016633, 0.9733488303534186, 0.983365542787445]
Validation Recall: [0.8665, 0.9015, 0.9545, 0.9725, 0.963, 0.9695, 0.9545, 0.9685, 0.967, 0.9855, 0.9615, 0.982, 0.968, 0.968, 0.9755, 0.9805, 0.9635, 0.9825, 0.9755, 0.9625, 0.9585, 0.9695, 0.9695, 0.967, 0.964, 0.9635, 0.963, 0.98, 0.973, 0.972, 0.95, 0.959, 0.9705, 0.983]
Validation Loss Min: 0.0650
Validation Accuracy Max: 0.9855
Validation F1 Max: 0.9855

--- MODEL CONFIGURATION ---
FIRST LAYER NODES: 128
HIDDEN LAYERS: 2
PATIENCE: 15
MAX EPOCHS: 100
EPOCHS RUN: 33

--- CLASSIFICATION REPORT ---
              precision    recall  f1-score   support

           0       1.00      1.00      1.00       300
           1       0.96      0.97      0.97       200
           2       0.99      0.99      0.99       200
           3       0.96      0.96      0.96       200
           4       1.00      0.99      0.99       100

    accuracy                           0.98      1000
   macro avg       0.98      0.98      0.98      1000
weighted avg       0.98      0.98      0.98      1000

VALIDATION MACRO F1: 0.9753
