PARAMS: {'batch_size': 64, 'learning_rate': 0.001, 'dropout_rate': 0.3, 'n_hidden_layers': 3, 'first_layer_nodes': 64, 'epochs': 100, 'patience': 15}
ACCURACY:  0.9860
F1 SCORE:  0.9860
MACRO F1-SCORE: 0.9860
PRECISION: 0.9862
RECALL:    0.9860
TEST LOSS: 0.0776
Validation Loss: [0.6175066232681274, 0.48036831617355347, 0.32968705892562866, 0.23292239010334015, 0.18567252159118652, 0.15264828503131866, 0.1575377881526947, 0.1155066266655922, 0.11274007707834244, 0.10077768564224243, 0.08437790721654892, 0.08767315745353699, 0.0856756791472435, 0.10966185480356216, 0.0783383697271347, 0.09077531844377518, 0.10006113350391388, 0.07710468024015427, 0.09913889318704605, 0.06940237432718277, 0.08054689317941666, 0.06724917143583298, 0.10122882574796677, 0.07373383641242981, 0.06762176752090454, 0.06735812872648239, 0.0827982947230339, 0.09184203296899796, 0.06476511061191559, 0.06717990338802338, 0.0654139369726181, 0.07749240845441818, 0.06468675285577774, 0.06957601010799408, 0.08320601284503937, 0.06805325299501419, 0.06452327221632004, 0.07251649349927902, 0.06728438287973404, 0.07802517712116241, 0.07560725510120392, 0.06660214811563492, 0.06319314986467361, 0.0627744123339653, 0.05863691493868828, 0.06181500107049942, 0.11486237496137619, 0.05709081515669823, 0.06079626455903053, 0.061345573514699936, 0.09149903059005737, 0.055885154753923416, 0.06587159633636475, 0.059959691017866135, 0.07888443768024445, 0.05683291330933571, 0.05819299444556236, 0.08837274461984634, 0.062262460589408875, 0.06526278704404831, 0.0647154301404953, 0.05980413779616356, 0.0756373256444931, 0.05797472968697548, 0.05945035442709923, 0.07060597836971283, 0.06155245006084442]
Validation Accuracy: [0.7860000133514404, 0.7875000238418579, 0.8799999952316284, 0.890500009059906, 0.9514999985694885, 0.9559999704360962, 0.9465000033378601, 0.9614999890327454, 0.9624999761581421, 0.9614999890327454, 0.9829999804496765, 0.9620000123977661, 0.968500018119812, 0.9679999947547913, 0.9679999947547913, 0.9614999890327454, 0.9570000171661377, 0.9700000286102295, 0.9624999761581421, 0.9729999899864197, 0.9645000100135803, 0.9810000061988831, 0.9555000066757202, 0.968999981880188, 0.9714999794960022, 0.968500018119812, 0.9635000228881836, 0.9599999785423279, 0.9779999852180481, 0.9735000133514404, 0.9785000085830688, 0.9639999866485596, 0.9764999747276306, 0.9714999794960022, 0.9639999866485596, 0.972000002861023, 0.9819999933242798, 0.9670000076293945, 0.9760000109672546, 0.9649999737739563, 0.9635000228881836, 0.965499997138977, 0.9815000295639038, 0.9725000262260437, 0.984000027179718, 0.9819999933242798, 0.9394999742507935, 0.9819999933242798, 0.9760000109672546, 0.9819999933242798, 0.9635000228881836, 0.9884999990463257, 0.9660000205039978, 0.984499990940094, 0.9645000100135803, 0.9819999933242798, 0.984000027179718, 0.9645000100135803, 0.9860000014305115, 0.9649999737739563, 0.9745000004768372, 0.9700000286102295, 0.9660000205039978, 0.9815000295639038, 0.9789999723434448, 0.9695000052452087, 0.9775000214576721]
Validation F1: [0.7533718739812741, 0.7544545296700091, 0.8786752121050385, 0.8904442966399201, 0.951564059450475, 0.9560323354125614, 0.9457753113582494, 0.9614374833285165, 0.9624049362661026, 0.9614900760209818, 0.983008110833515, 0.9618304397835175, 0.9684049189843802, 0.9679084795371095, 0.9679425048406877, 0.9612679563437098, 0.9566555258907226, 0.9698974100591559, 0.9622608910710424, 0.9729492093314, 0.9643429951338288, 0.9809978394915617, 0.9550781488982509, 0.9689109408122972, 0.971471319944327, 0.9684404542510331, 0.9633389658470283, 0.9597347033565025, 0.9779796893840637, 0.9734511566698518, 0.9784820321538953, 0.9637689199662232, 0.9764799720290886, 0.9714183138059821, 0.9638182233344139, 0.9719148762149491, 0.9819970797140132, 0.9668764759679075, 0.9759687426353709, 0.9647905448610797, 0.9632201282815399, 0.9653008624432915, 0.9814931452362976, 0.9724218427679157, 0.983997371006719, 0.9820054827926744, 0.9382495194671785, 0.981993355554865, 0.9759687426353709, 0.9820079527943528, 0.963283085625437, 0.9885015559917135, 0.9658108568147286, 0.984499949839756, 0.9643381253539072, 0.9819917166279909, 0.9839990716947483, 0.9642917827644205, 0.9860038333520813, 0.9647905448610797, 0.9744651225597616, 0.9699339636361459, 0.9658619495939776, 0.9814958249017751, 0.97898422685769, 0.9694034596573661, 0.9774771938011638]
Validation Precision: [0.7380103668127935, 0.7356002236597232, 0.8840738599902267, 0.8966408440226413, 0.9518957145164697, 0.9564294035471427, 0.9552468776289392, 0.9627084131123229, 0.9643504240159084, 0.9626523681489988, 0.983074306881916, 0.9653178774569803, 0.9708005490843, 0.9711058687518455, 0.9702075607461118, 0.965643454578809, 0.9625526711070863, 0.9735768720828708, 0.9680136929114135, 0.9744308103559626, 0.9676254628527945, 0.9814655495649252, 0.9617413651409958, 0.9710920955442037, 0.9723740416711839, 0.970695294248526, 0.9666078677311531, 0.9645157990651934, 0.9788578031393483, 0.9749695833954176, 0.9792993541478695, 0.9693538676046519, 0.9772059794214716, 0.974462550447297, 0.967614418820623, 0.9752213547345924, 0.9824109181213889, 0.9696765676567657, 0.9771108886462, 0.9700781805259416, 0.968861281032562, 0.97044265850236, 0.9819902985385611, 0.975478094225982, 0.9842368039462203, 0.9821211638768296, 0.9531524828783458, 0.9823812279271464, 0.9771108886462, 0.9824782174505413, 0.9686153314432706, 0.9885395149922869, 0.9708086974122961, 0.9847550002034277, 0.967699182722859, 0.9825384139836774, 0.9842889510986527, 0.9695855939538517, 0.9861482127999437, 0.9700781805259416, 0.9755703672908177, 0.9723990105212761, 0.9688807177940865, 0.9818934944247322, 0.9797428631490436, 0.9718340387698636, 0.9784181955101551]
Validation Recall: [0.786, 0.7875, 0.88, 0.8905, 0.9515, 0.956, 0.9465, 0.9615, 0.9625, 0.9615, 0.983, 0.962, 0.9685, 0.968, 0.968, 0.9615, 0.957, 0.97, 0.9625, 0.973, 0.9645, 0.981, 0.9555, 0.969, 0.9715, 0.9685, 0.9635, 0.96, 0.978, 0.9735, 0.9785, 0.964, 0.9765, 0.9715, 0.964, 0.972, 0.982, 0.967, 0.976, 0.965, 0.9635, 0.9655, 0.9815, 0.9725, 0.984, 0.982, 0.9395, 0.982, 0.976, 0.982, 0.9635, 0.9885, 0.966, 0.9845, 0.9645, 0.982, 0.984, 0.9645, 0.986, 0.965, 0.9745, 0.97, 0.966, 0.9815, 0.979, 0.9695, 0.9775]
Validation Loss Min: 0.0559
Validation Accuracy Max: 0.9885
Validation F1 Max: 0.9885

--- MODEL CONFIGURATION ---
FIRST LAYER NODES: 64
HIDDEN LAYERS: 3
PATIENCE: 15
MAX EPOCHS: 100
EPOCHS RUN: 66

--- CLASSIFICATION REPORT ---
              precision    recall  f1-score   support

           0       1.00      1.00      1.00       300
           1       0.96      0.99      0.98       200
           2       0.99      0.99      0.99       200
           3       0.98      0.95      0.97       200
           4       0.98      0.99      0.99       100

    accuracy                           0.99      1000
   macro avg       0.98      0.99      0.98      1000
weighted avg       0.99      0.99      0.99      1000

VALIDATION MACRO F1: 0.9881
