PARAMS: {'batch_size': 128, 'learning_rate': 0.001, 'dropout_rate': 0.3, 'n_hidden_layers': 2, 'first_layer_nodes': 128, 'epochs': 100, 'patience': 15}
ACCURACY:  0.9850
F1 SCORE:  0.9850
MACRO F1-SCORE: 0.9840
PRECISION: 0.9850
RECALL:    0.9850
TEST LOSS: 0.0739
Validation Loss: [0.5886085629463196, 0.4323137402534485, 0.317626953125, 0.23493237793445587, 0.19713075459003448, 0.152116596698761, 0.13877978920936584, 0.15846654772758484, 0.11000508069992065, 0.12112298607826233, 0.09373238682746887, 0.09026085585355759, 0.08739863336086273, 0.08450409770011902, 0.08665582537651062, 0.0795544758439064, 0.07857409119606018, 0.07669844478368759, 0.08488624542951584, 0.07470446079969406, 0.078933484852314, 0.07521111518144608, 0.10468801856040955, 0.07155710458755493, 0.06826084107160568, 0.07354022562503815, 0.07268612831830978, 0.08544430136680603, 0.0638953298330307, 0.06643957644701004, 0.06561631709337234, 0.07914553582668304, 0.06565869599580765, 0.06271925568580627, 0.06749461591243744, 0.07525002211332321, 0.06700960546731949, 0.06285014003515244, 0.06471946835517883, 0.0666763186454773, 0.07878271490335464, 0.07098676264286041, 0.05967436358332634, 0.06341826170682907, 0.059750355780124664, 0.07302249222993851, 0.061570387333631516, 0.065092533826828, 0.06296385824680328, 0.06915529817342758, 0.08390039205551147, 0.06578323245048523, 0.07700566947460175, 0.06507446616888046, 0.06361301988363266, 0.07711659371852875, 0.058999933302402496, 0.06531229615211487, 0.06339766830205917, 0.05740144103765488, 0.08937736600637436, 0.0704646185040474, 0.06894175708293915, 0.06901402026414871, 0.0706714540719986, 0.06617443263530731, 0.06454935669898987, 0.057564202696084976, 0.06307048350572586, 0.0639037936925888, 0.06470686197280884, 0.06971132010221481, 0.09568352997303009, 0.07879089564085007, 0.060720641165971756]
Validation Accuracy: [0.7720000147819519, 0.8544999957084656, 0.8765000104904175, 0.9275000095367432, 0.9440000057220459, 0.9549999833106995, 0.953499972820282, 0.9375, 0.9815000295639038, 0.9509999752044678, 0.9725000262260437, 0.9714999794960022, 0.9704999923706055, 0.9800000190734863, 0.9695000052452087, 0.9800000190734863, 0.9825000166893005, 0.9735000133514404, 0.9599999785423279, 0.9854999780654907, 0.9664999842643738, 0.9670000076293945, 0.9559999704360962, 0.9714999794960022, 0.9785000085830688, 0.9629999995231628, 0.9714999794960022, 0.9620000123977661, 0.9785000085830688, 0.9750000238418579, 0.9760000109672546, 0.9629999995231628, 0.9775000214576721, 0.9804999828338623, 0.9700000286102295, 0.9700000286102295, 0.9760000109672546, 0.9779999852180481, 0.9815000295639038, 0.9714999794960022, 0.9624999761581421, 0.972000002861023, 0.9825000166893005, 0.968999981880188, 0.9815000295639038, 0.9649999737739563, 0.9815000295639038, 0.9729999899864197, 0.9835000038146973, 0.9695000052452087, 0.9635000228881836, 0.972000002861023, 0.9635000228881836, 0.9710000157356262, 0.9714999794960022, 0.9639999866485596, 0.9769999980926514, 0.9825000166893005, 0.972000002861023, 0.9815000295639038, 0.9605000019073486, 0.968500018119812, 0.9639999866485596, 0.968999981880188, 0.9635000228881836, 0.965499997138977, 0.9639999866485596, 0.9775000214576721, 0.9725000262260437, 0.9679999947547913, 0.9800000190734863, 0.9649999737739563, 0.9580000042915344, 0.9649999737739563, 0.9710000157356262]
Validation F1: [0.7406047331272222, 0.8559357355919387, 0.8769564301222719, 0.9279593865225356, 0.9432953598343352, 0.9547516748371352, 0.9532282128941554, 0.9363633384634669, 0.9815106924937106, 0.9505086716448308, 0.9724831215602184, 0.9714919340802483, 0.9704583279199068, 0.9800122119541702, 0.9694092081861798, 0.9800031095320674, 0.9825130659419317, 0.9734735751910141, 0.9598109895096693, 0.9855124694568624, 0.9664169371798795, 0.966916797474277, 0.9556103568902908, 0.9714658005001744, 0.9784896388809586, 0.9627722084592185, 0.9714008892225197, 0.9617215699692067, 0.9785081722107412, 0.9749981964827977, 0.9759830552572839, 0.9628028120830515, 0.9774963400349238, 0.9804986969523933, 0.969908551930662, 0.969905265558746, 0.9759687426353709, 0.9779877162177009, 0.9814959323708652, 0.971426494304492, 0.9622930753300692, 0.9719073931709233, 0.9825025792380161, 0.9689372521291413, 0.9815008396444673, 0.9648387616430179, 0.9814901355278114, 0.9729457158283332, 0.9834999348671869, 0.9694083300497182, 0.963257602578047, 0.9719307450945893, 0.963257602578047, 0.9709286764895051, 0.9714008892225197, 0.9638296216759947, 0.9769696679129544, 0.9824997852298833, 0.9719307450945893, 0.9814931452362976, 0.9602300172913465, 0.9684101158185917, 0.9637689199662232, 0.9688972994172192, 0.963257602578047, 0.9653008624432915, 0.9637689199662232, 0.9774725534786411, 0.9724355329212209, 0.9678477022718028, 0.9799881910337096, 0.9648387616430179, 0.9576718435264368, 0.9647905448610797, 0.9709289231844609]
Validation Precision: [0.7196621566153697, 0.8639091908491265, 0.884224167506095, 0.9319133097127972, 0.9529660981626735, 0.9604968692760275, 0.9588102898026593, 0.9487288638745555, 0.9815435069955358, 0.9577511079590373, 0.9732333751685028, 0.97208965594879, 0.9718215833535223, 0.9800760740786929, 0.9726998262112942, 0.980307881773399, 0.982542117612373, 0.974475330689842, 0.9634336217762, 0.9855771029494295, 0.9692002301657474, 0.9690460527174524, 0.9618898677916345, 0.9726824747474497, 0.9790814586305219, 0.9683735475301476, 0.9749410840534172, 0.967923540193768, 0.978630635816373, 0.9753579224941666, 0.9767344124448182, 0.9667012635407687, 0.9780058529483674, 0.9808236806077525, 0.9730542878210001, 0.9733754132942957, 0.9771108886462, 0.9786314100385416, 0.9819026175150811, 0.9742375302972318, 0.9663175953840596, 0.975326663386365, 0.9826943699415606, 0.9714186904467718, 0.9817548129258198, 0.9682515340915558, 0.9820871999341355, 0.9746413587230178, 0.9844114099144229, 0.971695452501414, 0.9689940129859178, 0.9738833091001465, 0.9689940129859178, 0.9728737173482969, 0.9749410840534172, 0.9673085546008702, 0.9781158570292171, 0.9834824177206802, 0.9738833091001465, 0.9819902985385611, 0.9651717802140768, 0.9706260830678071, 0.9693538676046519, 0.9714293390393238, 0.9689940129859178, 0.97044265850236, 0.9693538676046519, 0.9785493302285213, 0.9742984059295361, 0.9722886646680206, 0.9806358142225162, 0.9682515340915558, 0.9632279525047475, 0.9700781805259416, 0.9736217424720899]
Validation Recall: [0.772, 0.8545, 0.8765, 0.9275, 0.944, 0.955, 0.9535, 0.9375, 0.9815, 0.951, 0.9725, 0.9715, 0.9705, 0.98, 0.9695, 0.98, 0.9825, 0.9735, 0.96, 0.9855, 0.9665, 0.967, 0.956, 0.9715, 0.9785, 0.963, 0.9715, 0.962, 0.9785, 0.975, 0.976, 0.963, 0.9775, 0.9805, 0.97, 0.97, 0.976, 0.978, 0.9815, 0.9715, 0.9625, 0.972, 0.9825, 0.969, 0.9815, 0.965, 0.9815, 0.973, 0.9835, 0.9695, 0.9635, 0.972, 0.9635, 0.971, 0.9715, 0.964, 0.977, 0.9825, 0.972, 0.9815, 0.9605, 0.9685, 0.964, 0.969, 0.9635, 0.9655, 0.964, 0.9775, 0.9725, 0.968, 0.98, 0.965, 0.958, 0.965, 0.971]
Validation Loss Min: 0.0574
Validation Accuracy Max: 0.9855
Validation F1 Max: 0.9855

--- MODEL CONFIGURATION ---
FIRST LAYER NODES: 128
HIDDEN LAYERS: 2
PATIENCE: 15
MAX EPOCHS: 100
EPOCHS RUN: 74

--- CLASSIFICATION REPORT ---
              precision    recall  f1-score   support

           0       1.00      1.00      1.00       300
           1       0.97      0.97      0.97       200
           2       1.00      0.99      1.00       200
           3       0.96      0.96      0.96       200
           4       0.99      0.99      0.99       100

    accuracy                           0.98      1000
   macro avg       0.98      0.98      0.98      1000
weighted avg       0.99      0.98      0.99      1000

VALIDATION MACRO F1: 0.9813
