PARAMS: {'batch_size': 64, 'learning_rate': 0.01, 'dropout_rate': 0.4, 'n_hidden_layers': 2, 'first_layer_nodes': 64, 'epochs': 100, 'patience': 15}
ACCURACY:  0.9330
F1 SCORE:  0.9322
MACRO F1-SCORE: 0.9300
PRECISION: 0.9420
RECALL:    0.9330
TEST LOSS: 0.1399
Validation Loss: [0.27134501934051514, 0.18672184646129608, 0.1471942514181137, 0.138816237449646, 0.13912013173103333, 0.16135145723819733, 0.21973483264446259, 0.13583733141422272, 0.20348799228668213, 0.18606647849082947, 0.30727827548980713, 0.21743786334991455, 0.17815597355365753, 0.16837115585803986, 0.2125646024942398, 0.33477941155433655, 0.24651044607162476, 0.19376800954341888, 0.2216334044933319, 0.23221313953399658, 0.26860684156417847, 0.23232369124889374, 0.23171931505203247]
Validation Accuracy: [0.8805000185966492, 0.9290000200271606, 0.9190000295639038, 0.9580000042915344, 0.9599999785423279, 0.9284999966621399, 0.8870000243186951, 0.9334999918937683, 0.890999972820282, 0.909500002861023, 0.815500020980835, 0.9024999737739563, 0.9070000052452087, 0.9110000133514404, 0.9045000076293945, 0.8855000138282776, 0.906000018119812, 0.909500002861023, 0.909500002861023, 0.9039999842643738, 0.890999972820282, 0.9035000205039978, 0.9269999861717224]
Validation F1: [0.8808272798506509, 0.9272195000643015, 0.9174584147408921, 0.9577126002065326, 0.9600004103509834, 0.9265927841576775, 0.8778272965813412, 0.9321132697539172, 0.8833582857201542, 0.9052881934721246, 0.8034053415088788, 0.8972345979367775, 0.9064119213260234, 0.9068600159419306, 0.8994838663508611, 0.8756011668474845, 0.9013284313925911, 0.9052881934721246, 0.9051318388739289, 0.8988089536842832, 0.8831679195340831, 0.8983192246935296, 0.925453621963635]
Validation Precision: [0.8863771402880386, 0.9440963697666044, 0.9297732170647726, 0.9627837780324278, 0.9609604628879993, 0.9442177803639886, 0.9252900942268141, 0.947659334044707, 0.9253732199511796, 0.934098197336158, 0.8628406793548348, 0.9302016363453477, 0.93331706750654, 0.9353375297130208, 0.9315467332833348, 0.9259447688139077, 0.931967787114846, 0.934098197336158, 0.9345626510599386, 0.9315322859964723, 0.9268017451899988, 0.9309349169438467, 0.9409088510046459]
Validation Recall: [0.8805, 0.929, 0.919, 0.958, 0.96, 0.9285, 0.887, 0.9335, 0.891, 0.9095, 0.8155, 0.9025, 0.907, 0.911, 0.9045, 0.8855, 0.906, 0.9095, 0.9095, 0.904, 0.891, 0.9035, 0.927]
Validation Loss Min: 0.1358
Validation Accuracy Max: 0.9600
Validation F1 Max: 0.9600

--- MODEL CONFIGURATION ---
FIRST LAYER NODES: 64
HIDDEN LAYERS: 2
PATIENCE: 15
MAX EPOCHS: 100
EPOCHS RUN: 22

--- CLASSIFICATION REPORT ---
              precision    recall  f1-score   support

           0       1.00      0.99      0.99       300
           1       0.95      0.72      0.82       200
           2       0.99      0.99      0.99       200
           3       0.78      0.97      0.86       200
           4       0.98      0.99      0.99       100

    accuracy                           0.93      1000
   macro avg       0.94      0.93      0.93      1000
weighted avg       0.94      0.93      0.93      1000

VALIDATION MACRO F1: 0.9313
