PARAMS: {'batch_size': 128, 'learning_rate': 0.001, 'dropout_rate': 0.2, 'epochs': 100, 'patience': 15}
ACCURACY:  0.9850
F1 SCORE:  0.9845
PRECISION: 0.9851
RECALL:    0.9840
TEST LOSS: 0.0602
Validation Loss: [0.6232741475105286, 0.33954307436943054, 0.2151678502559662, 0.1664225459098816, 0.12234919518232346, 0.11026487499475479, 0.10012969374656677, 0.10266025364398956, 0.09376803040504456, 0.08823158591985703, 0.08312755078077316, 0.0848281979560852, 0.08132970333099365, 0.08716757595539093, 0.08532407134771347, 0.08224634826183319, 0.07753187417984009, 0.08301318436861038, 0.07298050075769424, 0.0784543976187706, 0.0730825811624527, 0.07141141593456268, 0.08736100792884827, 0.07019080221652985, 0.07341653853654861, 0.08306528627872467, 0.07484695315361023, 0.08140958100557327, 0.06798262149095535, 0.070644810795784, 0.07051078230142593, 0.07008475065231323, 0.07096614688634872, 0.0746852234005928, 0.06722753494977951, 0.07140766829252243, 0.0693698301911354, 0.07081564515829086, 0.07821912318468094, 0.08555877208709717, 0.10221933573484421, 0.06719372421503067, 0.06620928645133972, 0.06740875542163849, 0.07260369509458542, 0.0685160830616951, 0.1715710163116455, 0.07168899476528168, 0.06613564491271973, 0.09113480150699615, 0.06802857667207718, 0.06633997708559036, 0.0718054324388504, 0.10850416868925095, 0.06456570327281952, 0.06718290597200394, 0.07101479917764664, 0.07951316982507706, 0.08196010440587997, 0.0698123350739479, 0.06579029560089111, 0.0665903240442276, 0.09734881669282913, 0.06881072372198105, 0.07081281393766403, 0.06766354292631149, 0.06964512914419174, 0.06529916077852249, 0.07870320975780487, 0.08636898547410965]
Validation Accuracy: [0.784500002861023, 0.8730000257492065, 0.9079999923706055, 0.949999988079071, 0.9714999794960022, 0.9624999761581421, 0.9739999771118164, 0.9614999890327454, 0.9635000228881836, 0.9729999899864197, 0.9769999980926514, 0.9865000247955322, 0.9745000004768372, 0.9695000052452087, 0.9639999866485596, 0.9635000228881836, 0.987500011920929, 0.9649999737739563, 0.9815000295639038, 0.9645000100135803, 0.9775000214576721, 0.9779999852180481, 0.9635000228881836, 0.9779999852180481, 0.9879999756813049, 0.9710000157356262, 0.9635000228881836, 0.9714999794960022, 0.9810000061988831, 0.9745000004768372, 0.9785000085830688, 0.9760000109672546, 0.9769999980926514, 0.9745000004768372, 0.9819999933242798, 0.9754999876022339, 0.9789999723434448, 0.9760000109672546, 0.9739999771118164, 0.9595000147819519, 0.9639999866485596, 0.987500011920929, 0.9810000061988831, 0.9829999804496765, 0.9649999737739563, 0.9769999980926514, 0.9524999856948853, 0.9829999804496765, 0.9894999861717224, 0.9700000286102295, 0.9785000085830688, 0.9860000014305115, 0.9779999852180481, 0.9649999737739563, 0.9825000166893005, 0.9789999723434448, 0.9760000109672546, 0.9710000157356262, 0.972000002861023, 0.9769999980926514, 0.9810000061988831, 0.9894999861717224, 0.9679999947547913, 0.9894999861717224, 0.9760000109672546, 0.9789999723434448, 0.9764999747276306, 0.9794999957084656, 0.9704999923706055, 0.9605000019073486]
Validation F1: [0.7514278984216656, 0.8731045183349259, 0.9084483191989435, 0.9500075902849082, 0.9714643097904091, 0.9623674481655397, 0.9739839844916324, 0.9613388382505902, 0.9632974847939804, 0.9729757613091027, 0.9769955628770077, 0.9865076826523129, 0.9744835692101025, 0.9694365611948573, 0.9637970695124507, 0.9633149884960532, 0.9875067211249313, 0.9647893978449209, 0.9814996926283086, 0.9643071630677569, 0.9774918732943134, 0.9779935289004303, 0.9633149884960532, 0.9779935289004303, 0.9880068188713033, 0.970949865056118, 0.9633149884960532, 0.9714399460518455, 0.9810009507561588, 0.9745138954837156, 0.9784919045257697, 0.9759860943855333, 0.9769863317935377, 0.9744689215827413, 0.9820025809299985, 0.9754794697294709, 0.9789934976709246, 0.9759774299443841, 0.9739657450640457, 0.9591531285234411, 0.9638461415874842, 0.9875061335538761, 0.9809961688963292, 0.9830002701633561, 0.9648169369320359, 0.9769822987745937, 0.952073438291806, 0.9829974003103836, 0.9895048851144254, 0.9699335179455004, 0.9784919045257697, 0.986008386824999, 0.9779865692015421, 0.9648734556928137, 0.9824993960267381, 0.9789902791402374, 0.9759774299443841, 0.9709353326004031, 0.971951209772633, 0.9769822987745937, 0.9809961688963292, 0.9895066235854768, 0.9679030029032891, 0.9895066235854768, 0.9759774299443841, 0.9789902791402374, 0.9764799415322262, 0.979491935757226, 0.9704305058124405, 0.960181162955906]
VALIDATION MACRO F1: [0.6533787041892654, 0.854671279333125, 0.8971993634763035, 0.9486591054364235, 0.9713815998984721, 0.9622847382736026, 0.9739012745996953, 0.9612561283586534, 0.9632147749020434, 0.9730590252558139, 0.9769128529850708, 0.9864249727603761, 0.9745668331568135, 0.9695198251415684, 0.9638803334591618, 0.9633982524427644, 0.9875899850716425, 0.9648726617916321, 0.9815829565750196, 0.9643904270144679, 0.9775751372410244, 0.9780767928471412, 0.9633982524427644, 0.9780767928471412, 0.9880900828180144, 0.9710331290028291, 0.9633982524427644, 0.9715232099985567, 0.9810842147028698, 0.9745971594304266, 0.9785751684724808, 0.9760693583322443, 0.9770695957402488, 0.9745521855294523, 0.9820858448767096, 0.9755627336761818, 0.9790767616176357, 0.9760606938910952, 0.9740490090107569, 0.9592363924701524, 0.9639294055341953, 0.9875893975005873, 0.9810794328430404, 0.9830835341100673, 0.964900200878747, 0.977065562721305, 0.952156702238517, 0.9830806642570948, 0.9895881490611366, 0.9700167818922114, 0.9785751684724808, 0.98609165077171, 0.9780698331482531, 0.9649567196395246, 0.9825826599734493, 0.9790735430869486, 0.9760606938910952, 0.9710185965471142, 0.9720344737193441, 0.977065562721305, 0.9810794328430404, 0.989589887532188, 0.9679862668500002, 0.989589887532188, 0.9760606938910952, 0.9790735430869486, 0.9765632054789372, 0.9795751997039371, 0.9705137697591516, 0.9602644269026172]
Validation Precision: [0.7335294568983961, 0.8813902158458836, 0.9122035486076824, 0.9516180070201596, 0.9725910151141314, 0.9650537696134711, 0.9746758292392853, 0.9644685973261826, 0.9682545615726265, 0.9738387337783306, 0.9773990688014899, 0.9865269585523756, 0.9751741736238517, 0.9711000214658785, 0.9687529059571928, 0.967816599878813, 0.9875193857940602, 0.9700765249105081, 0.981753157310386, 0.9691222527397859, 0.9779831422355415, 0.9784397145864254, 0.967816599878813, 0.9784397145864254, 0.9882716665806277, 0.9723725172552887, 0.967816599878813, 0.9731161555727764, 0.9812219868731681, 0.9746365065771591, 0.9789845174074381, 0.9766253502391332, 0.9776275523311205, 0.9755339416225566, 0.9821661175932975, 0.9762882682327452, 0.9794408394458181, 0.9768491820256809, 0.9750992962647318, 0.9661674986134221, 0.9670007367316328, 0.9875157945402716, 0.9813602395447915, 0.9832217621793136, 0.9694931514552041, 0.977735573730793, 0.9583058633932963, 0.9839733486773367, 0.9895133007746856, 0.971687938469042, 0.9789845174074381, 0.9860708814609674, 0.9786297544231078, 0.9675806040265276, 0.9827532197362554, 0.979531843963912, 0.9768491820256809, 0.9726965005440861, 0.9733791780570985, 0.977735573730793, 0.9813602395447915, 0.9896772863855704, 0.9702151627747728, 0.9896772863855704, 0.9768491820256809, 0.979531843963912, 0.9772914116659753, 0.9799858925793344, 0.9722786097245332, 0.9668648486831571]
Validation Recall: [0.7845, 0.873, 0.908, 0.95, 0.9715, 0.9625, 0.974, 0.9615, 0.9635, 0.973, 0.977, 0.9865, 0.9745, 0.9695, 0.964, 0.9635, 0.9875, 0.965, 0.9815, 0.9645, 0.9775, 0.978, 0.9635, 0.978, 0.988, 0.971, 0.9635, 0.9715, 0.981, 0.9745, 0.9785, 0.976, 0.977, 0.9745, 0.982, 0.9755, 0.979, 0.976, 0.974, 0.9595, 0.964, 0.9875, 0.981, 0.983, 0.965, 0.977, 0.9525, 0.983, 0.9895, 0.97, 0.9785, 0.986, 0.978, 0.965, 0.9825, 0.979, 0.976, 0.971, 0.972, 0.977, 0.981, 0.9895, 0.968, 0.9895, 0.976, 0.979, 0.9765, 0.9795, 0.9705, 0.9605]
Validation Loss Min: 0.0646
Validation Accuracy Max: 0.9895
Validation F1 Max: 0.9895
VALIDATION MACRO F1 Max: 0.9896

--- MODEL CONFIGURATION ---
PATIENCE: 15
MAX EPOCHS: 100
EPOCHS RUN: 70

--- CLASSIFICATION REPORT ---
              precision    recall  f1-score   support

           0       1.00      1.00      1.00       300
           1       0.96      0.97      0.97       200
           2       1.00      0.99      1.00       200
           3       0.96      0.96      0.96       200
           4       1.00      0.99      0.99       100

    accuracy                           0.98      1000
   macro avg       0.99      0.98      0.98      1000
weighted avg       0.99      0.98      0.99      1000
