PARAMS: {'batch_size': 32, 'learning_rate': 0.01, 'dropout_rate': 0.2, 'n_hidden_layers': 3, 'first_layer_nodes': 64, 'epochs': 100, 'patience': 15}
ACCURACY:  0.9790
F1 SCORE:  0.9790
MACRO F1-SCORE: 0.9760
PRECISION: 0.9793
RECALL:    0.9790
TEST LOSS: 0.0940
Validation Loss: [0.20810605585575104, 0.15716178715229034, 0.1619352549314499, 0.1301853060722351, 0.19579102098941803, 0.09117406606674194, 0.15013018250465393, 0.08774768561124802, 0.16740664839744568, 0.16814091801643372, 0.16759289801120758, 0.09396874159574509, 0.31140467524528503, 0.2460583746433258, 0.18255209922790527, 0.16355694830417633, 0.15076173841953278, 0.1629311740398407, 0.32047969102859497, 0.11460191011428833, 0.30655133724212646, 0.13402321934700012, 0.17771650850772858]
Validation Accuracy: [0.9490000009536743, 0.9480000138282776, 0.9075000286102295, 0.9474999904632568, 0.8924999833106995, 0.965499997138977, 0.9415000081062317, 0.9700000286102295, 0.9340000152587891, 0.9319999814033508, 0.9125000238418579, 0.9605000019073486, 0.8895000219345093, 0.9075000286102295, 0.9085000157356262, 0.9229999780654907, 0.9375, 0.925000011920929, 0.9035000205039978, 0.9509999752044678, 0.8870000243186951, 0.9294999837875366, 0.9319999814033508]
Validation F1: [0.9489927549963078, 0.947395298236765, 0.9027047591124023, 0.9468506928300922, 0.8889101288535806, 0.9653678615057963, 0.9404907006230924, 0.9699181794502693, 0.932490609363161, 0.9305633793683256, 0.9087249257139512, 0.9602469959456545, 0.8809335154375489, 0.9029035046255244, 0.9040551071113195, 0.9204522045742283, 0.9362132526430118, 0.922711497208864, 0.8986111508083832, 0.9505067775330788, 0.8779718354625884, 0.9277572132104306, 0.9302940145389625]
Validation Precision: [0.9496094887268672, 0.9556684716761862, 0.9359792121612243, 0.9554675262763614, 0.907232131214504, 0.9683191790792031, 0.9521343961841492, 0.9720477218721294, 0.9477620636686265, 0.9449679384440368, 0.9356633104305376, 0.9649557084335684, 0.9269806655114, 0.9331934758693261, 0.9338131980476133, 0.9415729743845944, 0.949792391832676, 0.9424940704251048, 0.9299258024718476, 0.9584587087054218, 0.9249067300060936, 0.945502629539889, 0.9467543295832929]
Validation Recall: [0.949, 0.948, 0.9075, 0.9475, 0.8925, 0.9655, 0.9415, 0.97, 0.934, 0.932, 0.9125, 0.9605, 0.8895, 0.9075, 0.9085, 0.923, 0.9375, 0.925, 0.9035, 0.951, 0.887, 0.9295, 0.932]
Validation Loss Min: 0.0877
Validation Accuracy Max: 0.9700
Validation F1 Max: 0.9699

--- MODEL CONFIGURATION ---
FIRST LAYER NODES: 64
HIDDEN LAYERS: 3
PATIENCE: 15
MAX EPOCHS: 100
EPOCHS RUN: 22

--- CLASSIFICATION REPORT ---
              precision    recall  f1-score   support

           0       1.00      1.00      1.00       300
           1       0.96      0.94      0.95       200
           2       1.00      0.99      0.99       200
           3       0.94      0.97      0.95       200
           4       1.00      0.99      0.99       100

    accuracy                           0.98      1000
   macro avg       0.98      0.98      0.98      1000
weighted avg       0.98      0.98      0.98      1000

VALIDATION MACRO F1: 0.9698
