PARAMS: {'batch_size': 32, 'learning_rate': 0.001, 'dropout_rate': 0.3, 'n_hidden_layers': 3, 'first_layer_nodes': 128, 'epochs': 100, 'patience': 15}
ACCURACY:  0.9850
F1 SCORE:  0.9850
MACRO F1-SCORE: 0.9840
PRECISION: 0.9851
RECALL:    0.9850
TEST LOSS: 0.0697
Validation Loss: [0.4415827989578247, 0.21152055263519287, 0.1399438977241516, 0.13094228506088257, 0.09470977634191513, 0.07829311490058899, 0.1133422926068306, 0.10116960853338242, 0.08615761995315552, 0.07582911103963852, 0.15072931349277496, 0.09034962952136993, 0.07973089069128036, 0.08415879309177399, 0.13847681879997253, 0.09756417572498322, 0.08801693469285965, 0.08570059388875961, 0.07331813126802444, 0.06642618775367737, 0.08148703724145889, 0.09337446093559265, 0.08051301538944244, 0.06592975556850433, 0.1574542075395584, 0.10038305819034576, 0.08299917727708817, 0.06781204789876938, 0.06482904404401779, 0.1106153354048729, 0.08543045073747635, 0.07665698975324631, 0.09838872402906418, 0.07351952791213989, 0.08330246806144714, 0.0655871331691742, 0.06805307418107986, 0.07372425496578217, 0.05974927544593811, 0.09207244217395782, 0.09841731190681458, 0.07223522663116455, 0.06546224653720856, 0.07471989095211029, 0.08026168495416641, 0.07070575654506683, 0.059693410992622375, 0.06505762040615082, 0.11070948839187622, 0.05988934636116028, 0.057447489351034164, 0.06241324916481972, 0.09233754128217697, 0.0647522360086441, 0.08316096663475037, 0.10658802092075348, 0.06774339079856873, 0.06167859956622124, 0.059972185641527176, 0.06759831309318542, 0.06951018422842026, 0.0766049474477768, 0.06149071827530861, 0.0711500495672226, 0.056414760649204254, 0.09578406810760498, 0.0685945674777031, 0.06120424345135689, 0.07558881491422653, 0.07467181980609894, 0.06515756249427795, 0.07525721192359924, 0.08480352908372879, 0.09530697017908096, 0.06813301146030426, 0.08089194446802139, 0.0995541363954544, 0.06593000888824463, 0.06568963080644608, 0.09265889972448349]
Validation Accuracy: [0.7990000247955322, 0.8964999914169312, 0.9415000081062317, 0.9520000219345093, 0.9610000252723694, 0.9764999747276306, 0.9514999985694885, 0.9549999833106995, 0.9645000100135803, 0.968500018119812, 0.9409999847412109, 0.9610000252723694, 0.968500018119812, 0.9664999842643738, 0.9449999928474426, 0.9574999809265137, 0.9620000123977661, 0.9610000252723694, 0.9660000205039978, 0.9815000295639038, 0.9635000228881836, 0.9624999761581421, 0.9645000100135803, 0.9695000052452087, 0.9325000047683716, 0.953000009059906, 0.9610000252723694, 0.9725000262260437, 0.9739999771118164, 0.9555000066757202, 0.9595000147819519, 0.9714999794960022, 0.9559999704360962, 0.9649999737739563, 0.9589999914169312, 0.9779999852180481, 0.9670000076293945, 0.9649999737739563, 0.9789999723434448, 0.9599999785423279, 0.9624999761581421, 0.9695000052452087, 0.9815000295639038, 0.9660000205039978, 0.9624999761581421, 0.9660000205039978, 0.9714999794960022, 0.9804999828338623, 0.9635000228881836, 0.9869999885559082, 0.9819999933242798, 0.9909999966621399, 0.9570000171661377, 0.965499997138977, 0.965499997138977, 0.9585000276565552, 0.9760000109672546, 0.9739999771118164, 0.9819999933242798, 0.9695000052452087, 0.9710000157356262, 0.9614999890327454, 0.9865000247955322, 0.965499997138977, 0.9825000166893005, 0.9664999842643738, 0.968999981880188, 0.9819999933242798, 0.9635000228881836, 0.9649999737739563, 0.9725000262260437, 0.965499997138977, 0.9580000042915344, 0.9555000066757202, 0.965499997138977, 0.9635000228881836, 0.9585000276565552, 0.9695000052452087, 0.9789999723434448, 0.9574999809265137]
Validation F1: [0.7663034107722991, 0.8953349404408326, 0.9412480353220894, 0.9514360225580032, 0.9607984060741557, 0.9764831906287134, 0.9510017331442131, 0.9545049799946052, 0.9643381253539072, 0.9684060972986918, 0.9400278487720287, 0.9607552317831622, 0.9684053488769679, 0.9664073418024279, 0.9441792832789422, 0.9571778500261449, 0.9617597391797991, 0.9607841343078476, 0.965875194235606, 0.9814940602502218, 0.9634631301571503, 0.9622608910710424, 0.9643169854310731, 0.9694388562977965, 0.9310090190134804, 0.9525102336042733, 0.9607457580423137, 0.9724388372278738, 0.9739515828985205, 0.9550952112422185, 0.9592542701541833, 0.9714169268046037, 0.9556308722416127, 0.9648511479128546, 0.9587278504640028, 0.9780018349131656, 0.9668764759679075, 0.9647905448610797, 0.9789839499493929, 0.9597471252204113, 0.9622339326501516, 0.9694125891287574, 0.9814898992553818, 0.965875194235606, 0.9623023546834174, 0.96587255439928, 0.971426494304492, 0.9805198035840103, 0.9632201282815399, 0.9870000908709715, 0.9819913345192081, 0.9910047579566015, 0.9566443651664641, 0.9652653353267542, 0.9653345928274997, 0.9582133322901258, 0.975972963088735, 0.9739550462218218, 0.9820054827926744, 0.9694285079165553, 0.9709286764895051, 0.9612826637824835, 0.9865079047897602, 0.965359022431129, 0.9825060234326128, 0.9663455373370156, 0.9689067644827218, 0.9820054827926744, 0.9633208286392705, 0.9648345458042231, 0.9724577543172508, 0.9654512158658579, 0.957625942175001, 0.9550450186355972, 0.9653008624432915, 0.9632981919449419, 0.958198426079073, 0.9694125891287574, 0.9789802455958243, 0.9571381776039962]
Validation Precision: [0.7966563581033076, 0.9044548662318859, 0.9456418847676844, 0.9607939727615185, 0.9647911338448422, 0.9773562288273987, 0.9584457181583371, 0.9626482691842169, 0.967699182722859, 0.9715454875014791, 0.9514068690539279, 0.9654295659790987, 0.9716829287008523, 0.9685798656352707, 0.9543331808645639, 0.9625636726615908, 0.9675136929114135, 0.9650516903910568, 0.9687178515760984, 0.9818401381058894, 0.964868831661724, 0.9680136929114135, 0.9681070053927131, 0.9710794973900536, 0.9460540622641477, 0.960630673910428, 0.9654482950056583, 0.9741750648288411, 0.9762440605958969, 0.9615323743952174, 0.963817866412416, 0.9747336212321782, 0.9615736451334036, 0.9680192898575083, 0.9634878121206277, 0.9780143761019768, 0.9696765676567657, 0.9700781805259416, 0.9796602422185212, 0.9643366296595839, 0.968278858870206, 0.9716373190228633, 0.9820143068838437, 0.9687178515760984, 0.9661461592079512, 0.9686606946408927, 0.9742375302972318, 0.9806878230208184, 0.968861281032562, 0.9871274744735261, 0.9824685476066403, 0.991014850559234, 0.9624994294582137, 0.9703161108402061, 0.9688806362569119, 0.9632837780324278, 0.9770521659929208, 0.9753941552761517, 0.9821211638768296, 0.9719959112772842, 0.9728737173482969, 0.965379022881076, 0.9865186970384981, 0.968414720187598, 0.9826008858457078, 0.9706169188536117, 0.97122862916517, 0.9821211638768296, 0.966919515601808, 0.9683285464409354, 0.9744404121642133, 0.967200800329754, 0.9649850047245389, 0.963280948218025, 0.97044265850236, 0.96733967015757, 0.9634015809158908, 0.9716373190228633, 0.9798612858884651, 0.9631718450048754]
Validation Recall: [0.799, 0.8965, 0.9415, 0.952, 0.961, 0.9765, 0.9515, 0.955, 0.9645, 0.9685, 0.941, 0.961, 0.9685, 0.9665, 0.945, 0.9575, 0.962, 0.961, 0.966, 0.9815, 0.9635, 0.9625, 0.9645, 0.9695, 0.9325, 0.953, 0.961, 0.9725, 0.974, 0.9555, 0.9595, 0.9715, 0.956, 0.965, 0.959, 0.978, 0.967, 0.965, 0.979, 0.96, 0.9625, 0.9695, 0.9815, 0.966, 0.9625, 0.966, 0.9715, 0.9805, 0.9635, 0.987, 0.982, 0.991, 0.957, 0.9655, 0.9655, 0.9585, 0.976, 0.974, 0.982, 0.9695, 0.971, 0.9615, 0.9865, 0.9655, 0.9825, 0.9665, 0.969, 0.982, 0.9635, 0.965, 0.9725, 0.9655, 0.958, 0.9555, 0.9655, 0.9635, 0.9585, 0.9695, 0.979, 0.9575]
Validation Loss Min: 0.0564
Validation Accuracy Max: 0.9910
Validation F1 Max: 0.9910

--- MODEL CONFIGURATION ---
FIRST LAYER NODES: 128
HIDDEN LAYERS: 3
PATIENCE: 15
MAX EPOCHS: 100
EPOCHS RUN: 79

--- CLASSIFICATION REPORT ---
              precision    recall  f1-score   support

           0       1.00      1.00      1.00       300
           1       0.96      0.97      0.97       200
           2       1.00      0.99      1.00       200
           3       0.96      0.96      0.96       200
           4       1.00      0.99      0.99       100

    accuracy                           0.98      1000
   macro avg       0.99      0.98      0.98      1000
weighted avg       0.99      0.98      0.99      1000

VALIDATION MACRO F1: 0.9823
