PARAMS: {'batch_size': 32, 'learning_rate': 0.01, 'dropout_rate': 0.4, 'epochs': 100, 'patience': 15}
ACCURACY:  0.9840
F1 SCORE:  0.9827
PRECISION: 0.9814
RECALL:    0.9843
TEST LOSS: 0.1314
Validation Loss: [0.19621899724006653, 0.1643858402967453, 0.173671156167984, 0.14337158203125, 0.19274882972240448, 0.14777348935604095, 0.1534978449344635, 0.1539766490459442, 0.12333597987890244, 0.1556110978126526, 0.14915254712104797, 0.1338178962469101, 0.14343775808811188, 0.1551278829574585, 0.15220320224761963, 0.18292509019374847, 0.22513587772846222, 0.15799233317375183, 0.20415358245372772, 0.1384262889623642, 0.12431406229734421, 0.20009389519691467, 0.17689135670661926, 0.24329163134098053]
Validation Accuracy: [0.9484999775886536, 0.9549999833106995, 0.9635000228881836, 0.9620000123977661, 0.9139999747276306, 0.9514999985694885, 0.9589999914169312, 0.9390000104904175, 0.984499990940094, 0.9639999866485596, 0.9580000042915344, 0.9629999995231628, 0.9750000238418579, 0.9825000166893005, 0.9470000267028809, 0.9629999995231628, 0.9325000047683716, 0.9549999833106995, 0.9365000128746033, 0.9610000252723694, 0.9700000286102295, 0.9399999976158142, 0.9445000290870667, 0.8840000033378601]
Validation F1: [0.9483092881146521, 0.9547158009031356, 0.9635146507454386, 0.9618686867650642, 0.9107172468551465, 0.9510956201421118, 0.9589494336629698, 0.9379980727544092, 0.9845139022236487, 0.9638702442884116, 0.9577770283409097, 0.9628548897004959, 0.9750145326710126, 0.9825048764164542, 0.9464263999382293, 0.9628051249189673, 0.9310960012669414, 0.9546688647712049, 0.9353329058329318, 0.9608435205552559, 0.9699910857033758, 0.9393934487011193, 0.943903758915838, 0.8740210969234752]
VALIDATION MACRO F1: [0.9477328817334598, 0.9544730562704892, 0.9628422471858524, 0.9616213828343426, 0.9108005108018578, 0.9507647743709675, 0.9586161003296365, 0.9377507688236875, 0.9839415141577744, 0.9639535082351227, 0.9578602922876207, 0.962938153647207, 0.9750977966177237, 0.9825881403631653, 0.9460996940088071, 0.9628883888656784, 0.9309298886550488, 0.9547521287179161, 0.935416169779643, 0.960760810663319, 0.9698237230836708, 0.9383006695239573, 0.9439870221657826, 0.8737737929927535]
Validation Precision: [0.9544760358744866, 0.9595096758792055, 0.9654569483277637, 0.9645603483168402, 0.9348762329533187, 0.9569318936902621, 0.9607087832362863, 0.9490742418307337, 0.9845564914001222, 0.9665663590122825, 0.9615931435622087, 0.9657634786998045, 0.9750817197103843, 0.9825992302302742, 0.9541674317744019, 0.9674424602109643, 0.9453901318532036, 0.9598415145976521, 0.948172166289316, 0.9638498651978746, 0.9710999310458547, 0.9502936039484853, 0.9522328376383455, 0.9256950758045087]
Validation Recall: [0.9485, 0.955, 0.9635, 0.962, 0.914, 0.9515, 0.959, 0.939, 0.9845, 0.964, 0.958, 0.963, 0.975, 0.9825, 0.947, 0.963, 0.9325, 0.955, 0.9365, 0.961, 0.97, 0.94, 0.9445, 0.884]
Validation Loss Min: 0.1233
Validation Accuracy Max: 0.9845
Validation F1 Max: 0.9845
VALIDATION MACRO F1 Max: 0.9839

--- MODEL CONFIGURATION ---
PATIENCE: 15
MAX EPOCHS: 100
EPOCHS RUN: 24

--- CLASSIFICATION REPORT ---
              precision    recall  f1-score   support

           0       1.00      0.99      0.99       300
           1       0.96      0.99      0.98       200
           2       0.99      0.99      0.99       200
           3       0.99      0.95      0.97       200
           4       0.97      0.99      0.98       100

    accuracy                           0.98      1000
   macro avg       0.98      0.98      0.98      1000
weighted avg       0.98      0.98      0.98      1000
