PARAMS: {'batch_size': 64, 'learning_rate': 0.01, 'dropout_rate': 0.3, 'n_hidden_layers': 2, 'first_layer_nodes': 64, 'epochs': 100, 'patience': 15}
ACCURACY:  0.9810
F1 SCORE:  0.9810
MACRO F1-SCORE: 0.9820
PRECISION: 0.9812
RECALL:    0.9810
TEST LOSS: 0.0864
Validation Loss: [0.1782715618610382, 0.1373453438282013, 0.16837717592716217, 0.14030051231384277, 0.12350668013095856, 0.08936519175767899, 0.10549730807542801, 0.1761353611946106, 0.08308278024196625, 0.1086685061454773, 0.10184011608362198, 0.1498544067144394, 0.12927530705928802, 0.13422922790050507, 0.08206125348806381, 0.13763262331485748, 0.11686351150274277, 0.120840884745121, 0.09487102180719376, 0.07965722680091858, 0.10411252081394196, 0.09886609762907028, 0.10167786478996277, 0.07966741174459457, 0.19931527972221375, 0.14271122217178345, 0.12649992108345032, 0.14776310324668884, 0.16208036243915558, 0.13816116750240326, 0.09284300357103348, 0.18047501146793365, 0.12095315009355545, 0.24996915459632874, 0.14765815436840057]
Validation Accuracy: [0.940500020980835, 0.9490000009536743, 0.9290000200271606, 0.9399999976158142, 0.9399999976158142, 0.9639999866485596, 0.9620000123977661, 0.9325000047683716, 0.968500018119812, 0.9729999899864197, 0.9585000276565552, 0.9330000281333923, 0.9455000162124634, 0.9265000224113464, 0.9789999723434448, 0.9430000185966492, 0.9545000195503235, 0.9359999895095825, 0.9915000200271606, 0.9729999899864197, 0.9495000243186951, 0.9539999961853027, 0.9514999985694885, 0.972000002861023, 0.9104999899864197, 0.9434999823570251, 0.940500020980835, 0.9319999814033508, 0.9284999966621399, 0.9334999918937683, 0.9580000042915344, 0.9139999747276306, 0.9445000290870667, 0.8924999833106995, 0.9380000233650208]
Validation F1: [0.9401763399734983, 0.948434831845052, 0.9274785738390395, 0.9399006010810992, 0.9389476373538123, 0.9637689199662232, 0.9617351705534924, 0.9309517321847742, 0.9684708049893912, 0.9729387108708725, 0.9584400701315006, 0.9315437189483031, 0.945064051063579, 0.924356950989314, 0.9790027783651201, 0.9420749317941481, 0.9540814373912463, 0.934682804363365, 0.9915060215944743, 0.9729523945731926, 0.9488588657364642, 0.9536455305486745, 0.9509850689708121, 0.9719440233998391, 0.9063612538452714, 0.9426014393917346, 0.9394656715779739, 0.9302976702227947, 0.9264938926530504, 0.9319567867545053, 0.9576862753852522, 0.9102912245247428, 0.943731491939304, 0.8848193218257824, 0.936780199571079]
Validation Precision: [0.9437907096871732, 0.9563574773307923, 0.9423718514005975, 0.9422670775552132, 0.9506594936334806, 0.9693538676046519, 0.967786272298116, 0.9467470345538939, 0.9708420315892107, 0.9748148896522305, 0.9626768238559117, 0.9461817420067044, 0.954774162905164, 0.9433503374555195, 0.9792238671824566, 0.9531094646817745, 0.9607610450664915, 0.9485017676508835, 0.9915198760524432, 0.9744769968233276, 0.9575801434323684, 0.9596511227840813, 0.9584475525269762, 0.9736332916695689, 0.9348449431409307, 0.9534343436875368, 0.9513338246949463, 0.9466605351662252, 0.94470278488523, 0.9473686075769926, 0.9631017751456675, 0.9369071019800004, 0.9540937168462323, 0.9273598867859305, 0.9499236436801575]
Validation Recall: [0.9405, 0.949, 0.929, 0.94, 0.94, 0.964, 0.962, 0.9325, 0.9685, 0.973, 0.9585, 0.933, 0.9455, 0.9265, 0.979, 0.943, 0.9545, 0.936, 0.9915, 0.973, 0.9495, 0.954, 0.9515, 0.972, 0.9105, 0.9435, 0.9405, 0.932, 0.9285, 0.9335, 0.958, 0.914, 0.9445, 0.8925, 0.938]
Validation Loss Min: 0.0797
Validation Accuracy Max: 0.9915
Validation F1 Max: 0.9915

--- MODEL CONFIGURATION ---
FIRST LAYER NODES: 64
HIDDEN LAYERS: 2
PATIENCE: 15
MAX EPOCHS: 100
EPOCHS RUN: 34

--- CLASSIFICATION REPORT ---
              precision    recall  f1-score   support

           0       1.00      1.00      1.00       300
           1       0.96      0.95      0.96       200
           2       1.00      0.99      1.00       200
           3       0.95      0.97      0.96       200
           4       0.99      0.99      0.99       100

    accuracy                           0.98      1000
   macro avg       0.98      0.98      0.98      1000
weighted avg       0.98      0.98      0.98      1000

VALIDATION MACRO F1: 0.9726
