PARAMS: {'batch_size': 64, 'learning_rate': 0.01, 'dropout_rate': 0.3, 'n_hidden_layers': 2, 'first_layer_nodes': 256, 'epochs': 100, 'patience': 15}
ACCURACY:  0.9610
F1 SCORE:  0.9610
MACRO F1-SCORE: 0.9600
PRECISION: 0.9624
RECALL:    0.9610
TEST LOSS: 0.1274
Validation Loss: [0.19417674839496613, 0.1285994052886963, 0.11986346542835236, 0.1310306191444397, 0.10866896063089371, 0.11029884219169617, 0.11973224580287933, 0.12786565721035004, 0.10459717363119125, 0.2006220668554306, 0.1120244562625885, 0.18145869672298431, 0.12044830620288849, 0.1363658607006073, 0.12089798599481583, 0.11372318118810654, 0.11676196753978729, 0.2304838001728058, 0.1938655823469162, 0.2043759524822235, 0.14936970174312592, 0.2844942808151245, 0.11944199353456497, 0.16487522423267365]
Validation Accuracy: [0.921999990940094, 0.9455000162124634, 0.9775000214576721, 0.9620000123977661, 0.9620000123977661, 0.9664999842643738, 0.9739999771118164, 0.9399999976158142, 0.9610000252723694, 0.906000018119812, 0.9514999985694885, 0.9474999904632568, 0.9549999833106995, 0.9424999952316284, 0.9470000267028809, 0.9484999775886536, 0.9440000057220459, 0.9110000133514404, 0.9334999918937683, 0.9100000262260437, 0.9340000152587891, 0.8855000138282776, 0.9419999718666077, 0.9279999732971191]
Validation F1: [0.9200745909252491, 0.9447785808951825, 0.9774758962858723, 0.9617137271516273, 0.9617492303206883, 0.966437602360083, 0.9741118602389573, 0.9389047194463339, 0.9610093430863219, 0.9040572095400389, 0.9509541428782257, 0.9476508693885872, 0.9546397814281966, 0.941579042084, 0.9463704312656734, 0.9479101839603505, 0.9431274300051994, 0.9070177607084501, 0.9319126640975187, 0.9057088483712208, 0.9324509279898842, 0.8757402373107177, 0.9410499522862935, 0.9260004945553287]
Validation Precision: [0.9365765886420341, 0.9541902701701462, 0.9783913199429681, 0.9675307411100033, 0.9676553598766912, 0.9690841275278669, 0.9749218699538423, 0.9511844576012356, 0.9614075469781508, 0.9155417588057629, 0.9596140434385588, 0.9478660984636932, 0.960485547660332, 0.952536980717985, 0.9555919848780714, 0.9567547784288628, 0.953760399992095, 0.9347712307753745, 0.9476485319047516, 0.9348202265917185, 0.9479486467430187, 0.9256625710037915, 0.9522980212635385, 0.9441187833501267]
Validation Recall: [0.922, 0.9455, 0.9775, 0.962, 0.962, 0.9665, 0.974, 0.94, 0.961, 0.906, 0.9515, 0.9475, 0.955, 0.9425, 0.947, 0.9485, 0.944, 0.911, 0.9335, 0.91, 0.934, 0.8855, 0.942, 0.928]
Validation Loss Min: 0.1046
Validation Accuracy Max: 0.9775
Validation F1 Max: 0.9775

--- MODEL CONFIGURATION ---
FIRST LAYER NODES: 256
HIDDEN LAYERS: 2
PATIENCE: 15
MAX EPOCHS: 100
EPOCHS RUN: 23

--- CLASSIFICATION REPORT ---
              precision    recall  f1-score   support

           0       1.00      0.99      1.00       300
           1       0.88      0.95      0.91       200
           2       0.99      0.99      0.99       200
           3       0.95      0.87      0.91       200
           4       1.00      0.99      0.99       100

    accuracy                           0.96      1000
   macro avg       0.96      0.96      0.96      1000
weighted avg       0.96      0.96      0.96      1000

VALIDATION MACRO F1: 0.9608
