PARAMS: {'batch_size': 32, 'learning_rate': 0.001, 'dropout_rate': 0.2, 'n_hidden_layers': 2, 'first_layer_nodes': 64, 'epochs': 100, 'patience': 15}
ACCURACY:  0.9870
F1 SCORE:  0.9870
MACRO F1-SCORE: 0.9860
PRECISION: 0.9873
RECALL:    0.9870
TEST LOSS: 0.0762
Validation Loss: [0.4434412717819214, 0.2669004499912262, 0.17499159276485443, 0.14455780386924744, 0.11801354587078094, 0.1031259074807167, 0.08889036625623703, 0.12368029356002808, 0.07940088957548141, 0.07745905220508575, 0.07882878929376602, 0.07996175438165665, 0.09432914853096008, 0.07537458837032318, 0.07156793028116226, 0.06994275748729706, 0.06693071871995926, 0.06715668737888336, 0.06772485375404358, 0.06711637228727341, 0.07268155366182327, 0.06489954888820648, 0.11806032061576843, 0.08147744834423065, 0.0619482696056366, 0.06377274543046951, 0.07627904415130615, 0.06650662422180176, 0.07749131321907043, 0.06808676570653915, 0.07636094093322754, 0.06324087828397751, 0.06182652339339256, 0.06387707591056824, 0.06315430998802185, 0.09098713099956512, 0.087284617125988, 0.0646066665649414, 0.06451891362667084, 0.06091628596186638, 0.06368201971054077, 0.06464645266532898, 0.07776769995689392, 0.0643095150589943, 0.08621934801340103, 0.06057637557387352, 0.05748877674341202, 0.059392545372247696, 0.061574384570121765, 0.06090632826089859, 0.061316341161727905, 0.060938816517591476, 0.061341676861047745, 0.06790705770254135, 0.06387822329998016, 0.07897131145000458, 0.06276772916316986, 0.06487347930669785, 0.07071034610271454, 0.07068634778261185, 0.059754252433776855, 0.0673893541097641]
Validation Accuracy: [0.8579999804496765, 0.8769999742507935, 0.9509999752044678, 0.9570000171661377, 0.9664999842643738, 0.9605000019073486, 0.9679999947547913, 0.9520000219345093, 0.9735000133514404, 0.9695000052452087, 0.9639999866485596, 0.9635000228881836, 0.9585000276565552, 0.965499997138977, 0.9904999732971191, 0.9819999933242798, 0.9739999771118164, 0.9835000038146973, 0.9695000052452087, 0.9750000238418579, 0.968500018119812, 0.9710000157356262, 0.953000009059906, 0.9624999761581421, 0.9829999804496765, 0.9769999980926514, 0.9649999737739563, 0.9850000143051147, 0.9635000228881836, 0.9739999771118164, 0.9674999713897705, 0.9764999747276306, 0.9789999723434448, 0.9704999923706055, 0.9714999794960022, 0.9595000147819519, 0.9610000252723694, 0.9804999828338623, 0.9714999794960022, 0.9760000109672546, 0.968500018119812, 0.9725000262260437, 0.9649999737739563, 0.9750000238418579, 0.9614999890327454, 0.9825000166893005, 0.9919999837875366, 0.9775000214576721, 0.9739999771118164, 0.968999981880188, 0.9815000295639038, 0.9739999771118164, 0.9879999756813049, 0.9700000286102295, 0.9725000262260437, 0.9649999737739563, 0.9735000133514404, 0.972000002861023, 0.9649999737739563, 0.9679999947547913, 0.9785000085830688, 0.9649999737739563]
Validation F1: [0.8589491366937857, 0.8768205177844435, 0.9510376674604722, 0.9570323110938495, 0.9663789453148176, 0.9602748188759826, 0.9679019385642175, 0.9514984602553721, 0.9734835120936873, 0.9694815462248491, 0.9639648882186372, 0.9633629211229691, 0.958228695920016, 0.965359022431129, 0.9905072943169041, 0.9820054827926744, 0.9739550462218218, 0.9835023147864544, 0.9694112558821149, 0.9749730717430043, 0.9683963288940965, 0.9709289231844609, 0.9525135472123755, 0.962278172648349, 0.9829970223890515, 0.9769745406536665, 0.9648259349137773, 0.9850007365867124, 0.9632981919449419, 0.9739308697674394, 0.9673833469377953, 0.9764717251853942, 0.9789839499493929, 0.9704059196931845, 0.971426494304492, 0.9592229536842649, 0.9607571996583499, 0.9805029915485101, 0.971426494304492, 0.975972963088735, 0.9684419105664863, 0.9724218427679157, 0.9648259349137773, 0.9749563909383367, 0.9612568876677222, 0.9824958418106724, 0.9920047836911335, 0.9775011262874281, 0.9739486447257959, 0.9689392163476923, 0.9814898992553818, 0.9739486447257959, 0.9880077995247554, 0.969909379045996, 0.9724355329212209, 0.9648259349137773, 0.9734444779249924, 0.9719307450945893, 0.9647905448610797, 0.9679367430375266, 0.9784778375632344, 0.9647905448610797]
Validation Precision: [0.8671068572746384, 0.8844687469689481, 0.9513803231460478, 0.9581102824709857, 0.9691888341543513, 0.9645100257832353, 0.9703290531532963, 0.9589286699597473, 0.9742361920699112, 0.9702938866075235, 0.9654746657902974, 0.9662570355618147, 0.9631722287850264, 0.968414720187598, 0.990739427231889, 0.9821211638768296, 0.9753941552761517, 0.9837307188757297, 0.9724314628899269, 0.9759721170989533, 0.9708828214988734, 0.9736217424720899, 0.959765661839808, 0.9665785415962096, 0.9833632193822448, 0.9779805167729958, 0.9684930282575688, 0.9852231931008926, 0.96733967015757, 0.9768860795799273, 0.9700769762888002, 0.9775447525650108, 0.9796602422185212, 0.9736801462857986, 0.9742375302972318, 0.9641429140888509, 0.965266058625567, 0.9811663182012962, 0.9742375302972318, 0.9770521659929208, 0.9705865968815924, 0.975478094225982, 0.9684930282575688, 0.9764008160779613, 0.9658235321090402, 0.9829035046934789, 0.9920124626245334, 0.9775377959736902, 0.975554414049981, 0.9711878808206161, 0.9820143068838437, 0.975554414049981, 0.9880257490308224, 0.9722404399401339, 0.9742984059295361, 0.9684930282575688, 0.9751339452951079, 0.9738833091001465, 0.9700781805259416, 0.9701766448655599, 0.9794220303849577, 0.9700781805259416]
Validation Recall: [0.858, 0.877, 0.951, 0.957, 0.9665, 0.9605, 0.968, 0.952, 0.9735, 0.9695, 0.964, 0.9635, 0.9585, 0.9655, 0.9905, 0.982, 0.974, 0.9835, 0.9695, 0.975, 0.9685, 0.971, 0.953, 0.9625, 0.983, 0.977, 0.965, 0.985, 0.9635, 0.974, 0.9675, 0.9765, 0.979, 0.9705, 0.9715, 0.9595, 0.961, 0.9805, 0.9715, 0.976, 0.9685, 0.9725, 0.965, 0.975, 0.9615, 0.9825, 0.992, 0.9775, 0.974, 0.969, 0.9815, 0.974, 0.988, 0.97, 0.9725, 0.965, 0.9735, 0.972, 0.965, 0.968, 0.9785, 0.965]
Validation Loss Min: 0.0575
Validation Accuracy Max: 0.9920
Validation F1 Max: 0.9920

--- MODEL CONFIGURATION ---
FIRST LAYER NODES: 64
HIDDEN LAYERS: 2
PATIENCE: 15
MAX EPOCHS: 100
EPOCHS RUN: 61

--- CLASSIFICATION REPORT ---
              precision    recall  f1-score   support

           0       1.00      1.00      1.00       300
           1       0.96      0.99      0.98       200
           2       0.99      0.99      0.99       200
           3       0.99      0.95      0.97       200
           4       0.99      0.99      0.99       100

    accuracy                           0.99      1000
   macro avg       0.99      0.99      0.99      1000
weighted avg       0.99      0.99      0.99      1000

VALIDATION MACRO F1: 0.9918
