PARAMS: {'batch_size': 128, 'learning_rate': 0.001, 'dropout_rate': 0.4, 'n_hidden_layers': 2, 'first_layer_nodes': 256, 'epochs': 100, 'patience': 15}
ACCURACY:  0.9830
F1 SCORE:  0.9830
MACRO F1-SCORE: 0.9820
PRECISION: 0.9831
RECALL:    0.9830
TEST LOSS: 0.0771
Validation Loss: [0.5117520093917847, 0.34366336464881897, 0.25117966532707214, 0.17361022531986237, 0.15146206319332123, 0.13942788541316986, 0.11049611121416092, 0.10321290045976639, 0.1010306254029274, 0.08698561042547226, 0.09085936099290848, 0.08153028786182404, 0.0794365331530571, 0.11351952701807022, 0.0856935903429985, 0.07873714715242386, 0.0741475522518158, 0.0723048597574234, 0.07471683621406555, 0.08452112972736359, 0.0715649351477623, 0.07199384272098541, 0.0696064755320549, 0.0829048603773117, 0.09110866487026215, 0.07435773313045502, 0.06606973707675934, 0.06512046605348587, 0.07852326333522797, 0.06494162231683731, 0.06313200294971466, 0.10524853318929672, 0.09937673062086105, 0.07547564059495926, 0.060853928327560425, 0.07379196584224701, 0.08338284492492676, 0.09995035827159882, 0.063612200319767, 0.07650857418775558, 0.06377933919429779, 0.0620504692196846, 0.07072925567626953, 0.06518995016813278, 0.07202192395925522, 0.09187503904104233, 0.06612522900104523, 0.06087550148367882, 0.12564554810523987, 0.06630425155162811]
Validation Accuracy: [0.7774999737739563, 0.875, 0.8809999823570251, 0.9380000233650208, 0.9369999766349792, 0.9505000114440918, 0.9629999995231628, 0.9819999933242798, 0.9589999914169312, 0.9735000133514404, 0.9794999957084656, 0.9679999947547913, 0.9710000157356262, 0.9514999985694885, 0.9605000019073486, 0.9639999866485596, 0.9745000004768372, 0.9794999957084656, 0.987500011920929, 0.9610000252723694, 0.9779999852180481, 0.9704999923706055, 0.9735000133514404, 0.9614999890327454, 0.9585000276565552, 0.9635000228881836, 0.9710000157356262, 0.9785000085830688, 0.9624999761581421, 0.9819999933242798, 0.9800000190734863, 0.9570000171661377, 0.9549999833106995, 0.968999981880188, 0.9800000190734863, 0.9645000100135803, 0.9610000252723694, 0.9564999938011169, 0.9835000038146973, 0.9635000228881836, 0.972000002861023, 0.9815000295639038, 0.9760000109672546, 0.9710000157356262, 0.9664999842643738, 0.9614999890327454, 0.9714999794960022, 0.9835000038146973, 0.9505000114440918, 0.9710000157356262]
Validation F1: [0.7436168591917317, 0.8750798908573821, 0.8795380428040708, 0.9381663685550483, 0.9371202297149688, 0.949969336039221, 0.962954651517639, 0.9820227326587044, 0.9587404455922536, 0.9734922651781501, 0.979489879133502, 0.9679100529757172, 0.9709415827644597, 0.9510053987559898, 0.9602759563006644, 0.9638442330371697, 0.974492430727101, 0.9795075591856939, 0.9875097522525361, 0.96077042569062, 0.9779796893840637, 0.9704235402914398, 0.9734636187391809, 0.9612726678076691, 0.958198426079073, 0.9632701578695639, 0.9709439246314566, 0.9784896388809586, 0.9622930753300692, 0.9820070221235999, 0.9799846173911587, 0.9566237439893437, 0.9545085037317464, 0.9689032982873134, 0.9799915229802609, 0.9643169854310731, 0.9607290315105047, 0.9561451159218921, 0.9834980974469854, 0.9633208286392705, 0.9719307450945893, 0.9814957889019074, 0.9760152944649294, 0.9709340335875847, 0.9663627149664401, 0.9612568876677222, 0.9714008892225197, 0.9834999348671869, 0.9499215131185154, 0.9709205146847631]
Validation Precision: [0.7245341527857049, 0.883268607827395, 0.8907220076568729, 0.9403130938432493, 0.9394782355635914, 0.9575346164886261, 0.9648421516359781, 0.9820571400423624, 0.9635451137613689, 0.9740934834845327, 0.9802105279382479, 0.9702483090906657, 0.9727263981600595, 0.9582340597604475, 0.9645745401026092, 0.9671328762807044, 0.9750953972524039, 0.9796032809357732, 0.9876145115384749, 0.9651557210763947, 0.9788578031393483, 0.9724598503880211, 0.9745643247477936, 0.9655548601771136, 0.9634015809158908, 0.968861281032562, 0.9725316584742989, 0.9790814586305219, 0.9663175953840596, 0.982083687981288, 0.9807456800504519, 0.9628121191071147, 0.9631016695662791, 0.9721706622032666, 0.980535137714123, 0.9681070053927131, 0.9657302537899555, 0.961936370722628, 0.983825029528616, 0.966919515601808, 0.9738833091001465, 0.9819532830673394, 0.9760569207832889, 0.9729029890256422, 0.9694309339350291, 0.9658235321090402, 0.9749410840534172, 0.9844114099144229, 0.9580326719487623, 0.9730583964122154]
Validation Recall: [0.7775, 0.875, 0.881, 0.938, 0.937, 0.9505, 0.963, 0.982, 0.959, 0.9735, 0.9795, 0.968, 0.971, 0.9515, 0.9605, 0.964, 0.9745, 0.9795, 0.9875, 0.961, 0.978, 0.9705, 0.9735, 0.9615, 0.9585, 0.9635, 0.971, 0.9785, 0.9625, 0.982, 0.98, 0.957, 0.955, 0.969, 0.98, 0.9645, 0.961, 0.9565, 0.9835, 0.9635, 0.972, 0.9815, 0.976, 0.971, 0.9665, 0.9615, 0.9715, 0.9835, 0.9505, 0.971]
Validation Loss Min: 0.0609
Validation Accuracy Max: 0.9875
Validation F1 Max: 0.9875

--- MODEL CONFIGURATION ---
FIRST LAYER NODES: 256
HIDDEN LAYERS: 2
PATIENCE: 15
MAX EPOCHS: 100
EPOCHS RUN: 49

--- CLASSIFICATION REPORT ---
              precision    recall  f1-score   support

           0       1.00      1.00      1.00       300
           1       0.96      0.97      0.96       200
           2       1.00      0.99      1.00       200
           3       0.96      0.95      0.96       200
           4       0.99      0.99      0.99       100

    accuracy                           0.98      1000
   macro avg       0.98      0.98      0.98      1000
weighted avg       0.98      0.98      0.98      1000

VALIDATION MACRO F1: 0.9798
