PARAMS: {'batch_size': 128, 'learning_rate': 0.001, 'dropout_rate': 0.2, 'n_hidden_layers': 3, 'first_layer_nodes': 256, 'epochs': 100, 'patience': 15}
ACCURACY:  0.9780
F1 SCORE:  0.9780
MACRO F1-SCORE: 0.9780
PRECISION: 0.9781
RECALL:    0.9780
TEST LOSS: 0.0760
Validation Loss: [0.47985509037971497, 0.2940443158149719, 0.16065798699855804, 0.13993799686431885, 0.10209617763757706, 0.0999688059091568, 0.09442432224750519, 0.10308261215686798, 0.07876837253570557, 0.09679285436868668, 0.07382127642631531, 0.06922617554664612, 0.0770881175994873, 0.07349423319101334, 0.0814291462302208, 0.06508563458919525, 0.07327397167682648, 0.06880355626344681, 0.06969591230154037, 0.06377598643302917, 0.06143420934677124, 0.0943327248096466, 0.0658874660730362, 0.0625748559832573, 0.08616774529218674, 0.06456427276134491, 0.06079135090112686, 0.0587126724421978, 0.17493928968906403, 0.05940595641732216, 0.06266174465417862, 0.06429696083068848, 0.06369466334581375, 0.05750954896211624, 0.12256340682506561, 0.059062231332063675, 0.07071321457624435, 0.06904372572898865, 0.06784553825855255, 0.05591399222612381, 0.08746667206287384, 0.06641242653131485, 0.05799300968647003, 0.06252744793891907, 0.058025114238262177, 0.05665960907936096, 0.06036694347858429, 0.07266104221343994, 0.07393897324800491, 0.05928888916969299, 0.057722244411706924, 0.07696107774972916, 0.09746719896793365, 0.08954762667417526, 0.061797626316547394]
Validation Accuracy: [0.8519999980926514, 0.8880000114440918, 0.9365000128746033, 0.9495000243186951, 0.9605000019073486, 0.9725000262260437, 0.9660000205039978, 0.9574999809265137, 0.968999981880188, 0.9589999914169312, 0.968999981880188, 0.9760000109672546, 0.9635000228881836, 0.968999981880188, 0.9624999761581421, 0.9779999852180481, 0.9695000052452087, 0.9710000157356262, 0.9674999713897705, 0.9735000133514404, 0.9800000190734863, 0.9559999704360962, 0.9704999923706055, 0.9815000295639038, 0.9635000228881836, 0.9775000214576721, 0.9695000052452087, 0.9815000295639038, 0.9399999976158142, 0.9779999852180481, 0.9825000166893005, 0.9714999794960022, 0.9769999980926514, 0.9760000109672546, 0.9545000195503235, 0.9729999899864197, 0.9700000286102295, 0.9700000286102295, 0.9695000052452087, 0.9810000061988831, 0.9610000252723694, 0.9700000286102295, 0.9860000014305115, 0.9660000205039978, 0.9850000143051147, 0.9819999933242798, 0.9710000157356262, 0.9660000205039978, 0.9649999737739563, 0.9760000109672546, 0.9825000166893005, 0.965499997138977, 0.9629999995231628, 0.9614999890327454, 0.9739999771118164]
Validation F1: [0.85248938290532, 0.8874570330404276, 0.9367396057184807, 0.9489315589562108, 0.9602736985794609, 0.9724388372278738, 0.965890535229916, 0.9571861750408901, 0.968874972371207, 0.9586933533471067, 0.9689118404236574, 0.9759785769605429, 0.963283187539192, 0.968904859395351, 0.9622608910710424, 0.9779979331800787, 0.9694435891700177, 0.9709510120722767, 0.9674395753319924, 0.9734530639683772, 0.9799881910337096, 0.9555620236195205, 0.9704232829000901, 0.9814931452362976, 0.9632981919449419, 0.9775143778363797, 0.9694112558821149, 0.9815008396444673, 0.9389067304938985, 0.9779752751089975, 0.9825032233601823, 0.97143359287491, 0.9769874788096964, 0.9759687426353709, 0.9540457887628302, 0.9729548246422964, 0.9699245208034308, 0.969909379045996, 0.9694034596573661, 0.9809973159124882, 0.9607457580423137, 0.9699181794502693, 0.986004936541096, 0.9658108568147286, 0.9850088556921732, 0.9819945509985664, 0.9709274210884802, 0.9658550072220666, 0.9647905448610797, 0.975963385914141, 0.9824958418106724, 0.9653345928274997, 0.9627588404813878, 0.9612689287700932, 0.9739550462218218]
Validation Precision: [0.8625357740124701, 0.9203559574182056, 0.9387586003827845, 0.9568404291322027, 0.9646727692749844, 0.9741750648288411, 0.9692583677036537, 0.9627279398003951, 0.9722135427978835, 0.9640647043427747, 0.9720739677464958, 0.9768508376411146, 0.9687349334451314, 0.9720380740735691, 0.9680136929114135, 0.9784621749867474, 0.9710314867103149, 0.9723741728707223, 0.9695759223415061, 0.9748562244037347, 0.9806358142225162, 0.9636189544880414, 0.9732232852829868, 0.9819902985385611, 0.96733967015757, 0.9775669634616716, 0.9724314628899269, 0.9817548129258198, 0.9510970544794746, 0.9789847166100172, 0.9834310898399186, 0.9732893356347515, 0.9776292079465543, 0.9771108886462, 0.9610344522191537, 0.975147383009934, 0.9727306987108967, 0.9722404399401339, 0.9718340387698636, 0.9813618951602252, 0.9654482950056583, 0.9720477218721294, 0.9866239555347208, 0.9708086974122961, 0.9852731349184535, 0.9824458696394295, 0.9738759844024774, 0.96903618736795, 0.9700781805259416, 0.9772545939422289, 0.9829035046934789, 0.9688806362569119, 0.9685014264138279, 0.9657076908192201, 0.9753941552761517]
Validation Recall: [0.852, 0.888, 0.9365, 0.9495, 0.9605, 0.9725, 0.966, 0.9575, 0.969, 0.959, 0.969, 0.976, 0.9635, 0.969, 0.9625, 0.978, 0.9695, 0.971, 0.9675, 0.9735, 0.98, 0.956, 0.9705, 0.9815, 0.9635, 0.9775, 0.9695, 0.9815, 0.94, 0.978, 0.9825, 0.9715, 0.977, 0.976, 0.9545, 0.973, 0.97, 0.97, 0.9695, 0.981, 0.961, 0.97, 0.986, 0.966, 0.985, 0.982, 0.971, 0.966, 0.965, 0.976, 0.9825, 0.9655, 0.963, 0.9615, 0.974]
Validation Loss Min: 0.0559
Validation Accuracy Max: 0.9860
Validation F1 Max: 0.9860

--- MODEL CONFIGURATION ---
FIRST LAYER NODES: 256
HIDDEN LAYERS: 3
PATIENCE: 15
MAX EPOCHS: 100
EPOCHS RUN: 54

--- CLASSIFICATION REPORT ---
              precision    recall  f1-score   support

           0       1.00      0.99      1.00       300
           1       0.95      0.96      0.96       200
           2       0.99      0.99      0.99       200
           3       0.96      0.94      0.95       200
           4       0.99      0.99      0.99       100

    accuracy                           0.98      1000
   macro avg       0.98      0.98      0.98      1000
weighted avg       0.98      0.98      0.98      1000

VALIDATION MACRO F1: 0.9808
