PARAMS: {'batch_size': 128, 'learning_rate': 0.01, 'dropout_rate': 0.2, 'n_hidden_layers': 2, 'first_layer_nodes': 256, 'epochs': 100, 'patience': 15}
ACCURACY:  0.9800
F1 SCORE:  0.9800
MACRO F1-SCORE: 0.9780
PRECISION: 0.9801
RECALL:    0.9800
TEST LOSS: 0.0970
Validation Loss: [0.3275185227394104, 0.2774180769920349, 0.10349000245332718, 0.08447476476430893, 0.08044999837875366, 0.11269295960664749, 0.10189039260149002, 0.12993347644805908, 0.11864186078310013, 0.09127122908830643, 0.07422841340303421, 0.0698276162147522, 0.1314500868320465, 0.07343770563602448, 0.07908345013856888, 0.07083839923143387, 0.08103533089160919, 0.08521851152181625, 0.08761393278837204, 0.13433244824409485, 0.15124845504760742, 0.08406388014554977, 0.08046699315309525, 0.1201402023434639, 0.11370003968477249, 0.10217183083295822, 0.07309959828853607]
Validation Accuracy: [0.8759999871253967, 0.8980000019073486, 0.9714999794960022, 0.9739999771118164, 0.9789999723434448, 0.9509999752044678, 0.9589999914169312, 0.9415000081062317, 0.9465000033378601, 0.9904999732971191, 0.9700000286102295, 0.9760000109672546, 0.940500020980835, 0.968999981880188, 0.9635000228881836, 0.9649999737739563, 0.9629999995231628, 0.9570000171661377, 0.9775000214576721, 0.9334999918937683, 0.9415000081062317, 0.9649999737739563, 0.9850000143051147, 0.9574999809265137, 0.953499972820282, 0.9800000190734863, 0.9700000286102295]
Validation F1: [0.8732449410861958, 0.8918956540703651, 0.9714990372100643, 0.9739598935002757, 0.9790066395896164, 0.9504407809675597, 0.958697874736874, 0.9405553457189868, 0.9457510449705949, 0.9905080721841288, 0.9699258657702314, 0.9759687426353709, 0.9393954266388324, 0.9689109408122972, 0.9633819522984622, 0.9649615997256419, 0.9628028120830515, 0.9565337541262702, 0.9775030819940083, 0.9321313639918383, 0.940494076343246, 0.9648463446132955, 0.9850096441113152, 0.9571778500261449, 0.9530539007321736, 0.9799978217322357, 0.9699433415458364]
Validation Precision: [0.8866965101537593, 0.9279768456239044, 0.97248084409162, 0.9752125836237745, 0.9790799498514616, 0.958376627943521, 0.9639622163016633, 0.9517298663948179, 0.9553271720614684, 0.990532142550029, 0.972608126355467, 0.9771108886462, 0.9518599742420114, 0.9710920955442037, 0.965991543879667, 0.9664549858648017, 0.9667012635407687, 0.9642991571884462, 0.9783717600711521, 0.9466312763222328, 0.9520557140459809, 0.9680914115194972, 0.9850293775954821, 0.9625636726615908, 0.9597809778051147, 0.9803693085881351, 0.971502228131569]
Validation Recall: [0.876, 0.898, 0.9715, 0.974, 0.979, 0.951, 0.959, 0.9415, 0.9465, 0.9905, 0.97, 0.976, 0.9405, 0.969, 0.9635, 0.965, 0.963, 0.957, 0.9775, 0.9335, 0.9415, 0.965, 0.985, 0.9575, 0.9535, 0.98, 0.97]
Validation Loss Min: 0.0698
Validation Accuracy Max: 0.9905
Validation F1 Max: 0.9905

--- MODEL CONFIGURATION ---
FIRST LAYER NODES: 256
HIDDEN LAYERS: 2
PATIENCE: 15
MAX EPOCHS: 100
EPOCHS RUN: 26

--- CLASSIFICATION REPORT ---
              precision    recall  f1-score   support

           0       1.00      0.99      0.99       300
           1       0.96      0.96      0.96       200
           2       0.99      0.99      0.99       200
           3       0.96      0.96      0.96       200
           4       1.00      0.99      0.99       100

    accuracy                           0.98      1000
   macro avg       0.98      0.98      0.98      1000
weighted avg       0.98      0.98      0.98      1000

VALIDATION MACRO F1: 0.9758
