PARAMS: {'batch_size': 32, 'learning_rate': 0.01, 'dropout_rate': 0.2, 'n_hidden_layers': 3, 'first_layer_nodes': 256, 'epochs': 100, 'patience': 15}
ACCURACY:  0.9740
F1 SCORE:  0.9740
MACRO F1-SCORE: 0.9740
PRECISION: 0.9742
RECALL:    0.9740
TEST LOSS: 0.1009
Validation Loss: [0.1778043955564499, 0.1505889743566513, 0.21227750182151794, 0.11753620952367783, 0.11587017774581909, 0.11664099991321564, 0.14529098570346832, 0.11122411489486694, 0.26446396112442017, 0.31509318947792053, 0.12155046314001083, 0.12742957472801208, 0.1282021552324295, 0.12536858022212982, 0.23683202266693115, 0.11283042281866074, 0.09631269425153732, 0.09950555115938187, 0.11349297314882278, 0.1017933189868927, 0.16244569420814514, 0.10085110366344452, 0.07683876156806946, 0.1776801496744156, 0.19464999437332153, 0.249957874417305, 0.19088482856750488, 0.14090028405189514, 0.140214741230011, 0.26250848174095154, 0.1535029411315918, 0.13658176362514496, 0.11702868342399597, 0.13601897656917572, 0.14408472180366516, 0.32617664337158203, 0.19472277164459229, 0.16747665405273438]
Validation Accuracy: [0.9169999957084656, 0.9564999938011169, 0.902999997138977, 0.9800000190734863, 0.9729999899864197, 0.9764999747276306, 0.9480000138282776, 0.9624999761581421, 0.8794999718666077, 0.8924999833106995, 0.9514999985694885, 0.9470000267028809, 0.9484999775886536, 0.9459999799728394, 0.9340000152587891, 0.953000009059906, 0.9585000276565552, 0.9559999704360962, 0.9430000185966492, 0.9660000205039978, 0.9390000104904175, 0.9580000042915344, 0.9785000085830688, 0.9459999799728394, 0.9355000257492065, 0.9304999709129333, 0.9394999742507935, 0.9495000243186951, 0.9430000185966492, 0.921500027179718, 0.9365000128746033, 0.9434999823570251, 0.9455000162124634, 0.9430000185966492, 0.9365000128746033, 0.9169999957084656, 0.9290000200271606, 0.9390000104904175]
Validation F1: [0.9145606934759218, 0.9565237515882294, 0.8976399135824212, 0.9800046956458047, 0.9729934178042768, 0.9765001935639817, 0.9474299702119288, 0.962374227669838, 0.8687439895859546, 0.8881823427504925, 0.9511208242645186, 0.9464485029816543, 0.9479272939217074, 0.9452937598217143, 0.9325959911880259, 0.9525918273596353, 0.9581659284847931, 0.9556521986579539, 0.9420749317941481, 0.9659653189976298, 0.9378109453706703, 0.9578169096288741, 0.9784968337305882, 0.9453586980018854, 0.9341858585678484, 0.9287924257946805, 0.9385280616529159, 0.9489925208670557, 0.9420749317941481, 0.9188460233150592, 0.9351753474152427, 0.9425736938908074, 0.9447023548460898, 0.9420749317941481, 0.9351328683184165, 0.9137606657143902, 0.9272579191240932, 0.9387112552211104]
Validation Precision: [0.9339040079801973, 0.9566505132623949, 0.9309226356425597, 0.9807531215662771, 0.9744578279499496, 0.976919778970068, 0.9553478918187698, 0.9652695757140294, 0.9217264837519636, 0.9186711154968331, 0.9573321402240059, 0.9549572524557219, 0.9559133667632878, 0.9545839213261144, 0.9471744224190287, 0.9596953278214736, 0.9638955675395005, 0.9615478795190597, 0.9531094646817745, 0.9677251068060545, 0.9507297799497324, 0.9613489582805582, 0.9788841969256041, 0.9541245938973154, 0.9480514671974145, 0.94526179226986, 0.94981114258976, 0.957735270071099, 0.9531094646817745, 0.9405279542414887, 0.9491033243316612, 0.9536020512538645, 0.954745715535409, 0.9531094646817745, 0.9494648991482774, 0.9381772556309764, 0.944011854323727, 0.9481374540280336]
Validation Recall: [0.917, 0.9565, 0.903, 0.98, 0.973, 0.9765, 0.948, 0.9625, 0.8795, 0.8925, 0.9515, 0.947, 0.9485, 0.946, 0.934, 0.953, 0.9585, 0.956, 0.943, 0.966, 0.939, 0.958, 0.9785, 0.946, 0.9355, 0.9305, 0.9395, 0.9495, 0.943, 0.9215, 0.9365, 0.9435, 0.9455, 0.943, 0.9365, 0.917, 0.929, 0.939]
Validation Loss Min: 0.0768
Validation Accuracy Max: 0.9800
Validation F1 Max: 0.9800

--- MODEL CONFIGURATION ---
FIRST LAYER NODES: 256
HIDDEN LAYERS: 3
PATIENCE: 15
MAX EPOCHS: 100
EPOCHS RUN: 37

--- CLASSIFICATION REPORT ---
              precision    recall  f1-score   support

           0       1.00      0.98      0.99       300
           1       0.95      0.96      0.96       200
           2       0.97      0.99      0.98       200
           3       0.96      0.94      0.95       200
           4       0.99      0.99      0.99       100

    accuracy                           0.97      1000
   macro avg       0.97      0.97      0.97      1000
weighted avg       0.97      0.97      0.97      1000

VALIDATION MACRO F1: 0.9785
