PARAMS: {'batch_size': 64, 'learning_rate': 0.001, 'dropout_rate': 0.4, 'n_hidden_layers': 2, 'first_layer_nodes': 64, 'epochs': 100, 'patience': 15}
ACCURACY:  0.9840
F1 SCORE:  0.9840
MACRO F1-SCORE: 0.9820
PRECISION: 0.9841
RECALL:    0.9840
TEST LOSS: 0.0659
Validation Loss: [0.701922595500946, 0.5436745882034302, 0.4515625834465027, 0.3531376123428345, 0.27342116832733154, 0.21364620327949524, 0.1866815686225891, 0.15510672330856323, 0.13432195782661438, 0.11991029232740402, 0.11516866832971573, 0.11069270223379135, 0.10126805305480957, 0.09505029767751694, 0.1147967278957367, 0.10312728583812714, 0.08213749527931213, 0.08463110774755478, 0.09465701878070831, 0.07888289541006088, 0.08842921257019043, 0.07699140906333923, 0.07320424914360046, 0.08056014031171799, 0.0856669470667839, 0.07674091309309006, 0.0992686077952385, 0.06742732226848602, 0.16650545597076416, 0.07196085900068283, 0.07332360744476318, 0.11445710062980652, 0.06962806731462479, 0.0671798586845398, 0.09202288091182709, 0.06733442097902298, 0.07894329726696014, 0.10123603045940399, 0.06591860204935074, 0.06546951085329056, 0.07538267225027084, 0.06926801055669785, 0.06454813480377197, 0.06982841342687607, 0.06416662782430649, 0.07051101326942444, 0.07386667281389236, 0.06987693160772324, 0.09645379334688187, 0.06423792988061905, 0.0766846314072609, 0.08040529489517212, 0.06886983662843704, 0.07412739843130112, 0.0645594373345375, 0.06305021047592163, 0.0623636394739151, 0.05918751284480095, 0.07457565516233444, 0.06603845953941345, 0.07005040347576141, 0.06475014239549637, 0.07256875187158585, 0.08687323331832886, 0.0784899890422821, 0.07023709267377853, 0.09473327547311783, 0.06423734873533249, 0.06915955990552902, 0.06613963097333908, 0.05839158594608307, 0.06332175433635712, 0.06183861568570137, 0.06797219067811966, 0.062471941113471985, 0.07946798950433731, 0.10368280112743378, 0.13294649124145508, 0.06654335558414459, 0.0636826828122139, 0.06792028248310089, 0.06438585370779037, 0.06766043603420258, 0.0768480971455574, 0.15688569843769073, 0.0677262470126152]
Validation Accuracy: [0.7764999866485596, 0.7730000019073486, 0.7979999780654907, 0.8734999895095825, 0.8820000290870667, 0.8995000123977661, 0.9150000214576721, 0.9574999809265137, 0.9679999947547913, 0.9614999890327454, 0.9729999899864197, 0.9624999761581421, 0.9674999713897705, 0.9614999890327454, 0.9524999856948853, 0.9555000066757202, 0.9679999947547913, 0.9695000052452087, 0.9589999914169312, 0.968500018119812, 0.9624999761581421, 0.9714999794960022, 0.9729999899864197, 0.9629999995231628, 0.9610000252723694, 0.9714999794960022, 0.9585000276565552, 0.9785000085830688, 0.9390000104904175, 0.9785000085830688, 0.9704999923706055, 0.9549999833106995, 0.987500011920929, 0.9710000157356262, 0.9595000147819519, 0.9739999771118164, 0.9629999995231628, 0.9595000147819519, 0.9739999771118164, 0.9754999876022339, 0.9649999737739563, 0.965499997138977, 0.9754999876022339, 0.9794999957084656, 0.9904999732971191, 0.9714999794960022, 0.965499997138977, 0.9800000190734863, 0.9555000066757202, 0.9714999794960022, 0.9649999737739563, 0.972000002861023, 0.972000002861023, 0.9664999842643738, 0.9919999837875366, 0.9764999747276306, 0.9854999780654907, 0.9825000166893005, 0.9714999794960022, 0.9660000205039978, 0.9649999737739563, 0.9815000295639038, 0.9649999737739563, 0.9629999995231628, 0.9629999995231628, 0.9674999713897705, 0.9564999938011169, 0.9729999899864197, 0.9695000052452087, 0.9710000157356262, 0.9804999828338623, 0.9860000014305115, 0.9804999828338623, 0.9729999899864197, 0.9815000295639038, 0.9635000228881836, 0.9585000276565552, 0.9539999961853027, 0.9754999876022339, 0.9779999852180481, 0.9710000157356262, 0.9789999723434448, 0.9764999747276306, 0.9649999737739563, 0.9449999928474426, 0.9850000143051147]
Validation F1: [0.7428264302811649, 0.7411788515963939, 0.7655945980603736, 0.873851906709203, 0.8820762989817139, 0.8993781080954728, 0.9136983110111369, 0.957497318307551, 0.9679005879102146, 0.9614454955093658, 0.9729519332187913, 0.9625066442865519, 0.9674039891538719, 0.9613107913250457, 0.9520394921883518, 0.9551539355810637, 0.9678804206088204, 0.9694268287844352, 0.9587404455922536, 0.9684222341154374, 0.962315532624557, 0.971450901730471, 0.9729583347148172, 0.9628353639117457, 0.9607863173922587, 0.9714555785129435, 0.9581958226940168, 0.9784895667311277, 0.9379124727296496, 0.9784994019842462, 0.9704604611868508, 0.9546012496978792, 0.9875018044429617, 0.9709348307782509, 0.9591922249376778, 0.9739711058507832, 0.9628028120830515, 0.9592375854643603, 0.9739550462218218, 0.9755145586616324, 0.9648387616430179, 0.9653008624432915, 0.9754923735881423, 0.9795036759720597, 0.9905083844205324, 0.9714295454777773, 0.9653542843856808, 0.9800000708205132, 0.9550781488982509, 0.97143359287491, 0.9648463446132955, 0.9719159370012842, 0.9719307450945893, 0.9663693451526572, 0.992006661377661, 0.9764804822941592, 0.9855014366377577, 0.9824958418106724, 0.9714257406250892, 0.9658108568147286, 0.9648021003466324, 0.9814898992553818, 0.9647905448610797, 0.962798320658015, 0.9627883380114077, 0.9673773249182424, 0.9561300705595256, 0.9729401089263672, 0.9694083300497182, 0.9709205146847631, 0.9804865906405067, 0.9860020546926156, 0.9804899699788605, 0.9729470713610162, 0.9814986569445866, 0.9632981919449419, 0.9581850374819113, 0.9535290041464548, 0.9754646238174819, 0.9779796893840637, 0.9709286764895051, 0.97898422685769, 0.9764666136478352, 0.9648387616430179, 0.9441792832789422, 0.9849988219133071]
Validation Precision: [0.7210811774772805, 0.7196620410374135, 0.7940327818642477, 0.8815313730725074, 0.889216473823572, 0.9049774177712322, 0.9238977703544632, 0.9581873739958199, 0.9704490189648195, 0.962659663609955, 0.9745740939754767, 0.963054673833894, 0.969841319650882, 0.9650856349799448, 0.959013331728849, 0.960850069307929, 0.970961604049615, 0.9714795303135167, 0.9635451137613689, 0.9705325922694134, 0.9661061601490767, 0.9730365365125947, 0.9744138352016474, 0.9663378692970456, 0.9649551445401308, 0.9727811889175152, 0.9635769708403604, 0.9792080248093369, 0.95012636917565, 0.9789205230837813, 0.9716520507713466, 0.9608524157737903, 0.9875205047115584, 0.9727967490626614, 0.9646250507739244, 0.9751256001886784, 0.9667012635407687, 0.964094235343408, 0.9753941552761517, 0.9756374760220481, 0.9682515340915558, 0.97044265850236, 0.976035998602924, 0.979731168263439, 0.9907150506368877, 0.9733414720586379, 0.9684852526323685, 0.9802879520976537, 0.9617413651409958, 0.9732893356347515, 0.9680914115194972, 0.975086715315862, 0.9738833091001465, 0.9692778188294754, 0.9921508124732877, 0.9774378754356507, 0.9856935461977698, 0.9829035046934789, 0.9734699768745213, 0.9708086974122961, 0.9699500719302699, 0.9820143068838437, 0.9700781805259416, 0.9667848370514802, 0.9669583355490106, 0.9702253256996615, 0.9621372954407814, 0.9747152803096079, 0.971695452501414, 0.9730583964122154, 0.9811908480127522, 0.9861660760514694, 0.9810852861662642, 0.9745468288580871, 0.9816480210684083, 0.96733967015757, 0.9635943617177575, 0.9606830440210401, 0.976762007370139, 0.9788578031393483, 0.9728737173482969, 0.9797428631490436, 0.9776842829231691, 0.9682515340915558, 0.9543331808645639, 0.9852892008489023]
Validation Recall: [0.7765, 0.773, 0.798, 0.8735, 0.882, 0.8995, 0.915, 0.9575, 0.968, 0.9615, 0.973, 0.9625, 0.9675, 0.9615, 0.9525, 0.9555, 0.968, 0.9695, 0.959, 0.9685, 0.9625, 0.9715, 0.973, 0.963, 0.961, 0.9715, 0.9585, 0.9785, 0.939, 0.9785, 0.9705, 0.955, 0.9875, 0.971, 0.9595, 0.974, 0.963, 0.9595, 0.974, 0.9755, 0.965, 0.9655, 0.9755, 0.9795, 0.9905, 0.9715, 0.9655, 0.98, 0.9555, 0.9715, 0.965, 0.972, 0.972, 0.9665, 0.992, 0.9765, 0.9855, 0.9825, 0.9715, 0.966, 0.965, 0.9815, 0.965, 0.963, 0.963, 0.9675, 0.9565, 0.973, 0.9695, 0.971, 0.9805, 0.986, 0.9805, 0.973, 0.9815, 0.9635, 0.9585, 0.954, 0.9755, 0.978, 0.971, 0.979, 0.9765, 0.965, 0.945, 0.985]
Validation Loss Min: 0.0584
Validation Accuracy Max: 0.9920
Validation F1 Max: 0.9920

--- MODEL CONFIGURATION ---
FIRST LAYER NODES: 64
HIDDEN LAYERS: 2
PATIENCE: 15
MAX EPOCHS: 100
EPOCHS RUN: 85

--- CLASSIFICATION REPORT ---
              precision    recall  f1-score   support

           0       1.00      1.00      1.00       300
           1       0.96      0.96      0.96       200
           2       0.99      0.99      0.99       200
           3       0.96      0.97      0.97       200
           4       1.00      0.99      0.99       100

    accuracy                           0.98      1000
   macro avg       0.98      0.98      0.98      1000
weighted avg       0.98      0.98      0.98      1000

VALIDATION MACRO F1: 0.9803
