PARAMS: {'batch_size': 64, 'learning_rate': 0.01, 'dropout_rate': 0.4, 'n_hidden_layers': 3, 'first_layer_nodes': 128, 'epochs': 100, 'patience': 15}
ACCURACY:  0.9590
F1 SCORE:  0.9590
MACRO F1-SCORE: 0.9600
PRECISION: 0.9609
RECALL:    0.9590
TEST LOSS: 0.1344
Validation Loss: [0.39250242710113525, 0.21030087769031525, 0.23194479942321777, 0.2950146496295929, 0.2774876058101654, 0.19985288381576538, 0.34269845485687256, 0.20748476684093475, 0.13545234501361847, 0.1620831936597824, 0.12340851873159409, 0.2750341594219208, 0.1561899036169052, 0.33930203318595886, 0.13218334317207336, 0.20398549735546112, 0.1891327053308487, 0.21727170050144196, 0.2214389592409134, 0.19990986585617065, 0.18068361282348633, 0.19944992661476135, 0.16470831632614136, 0.2071676105260849, 0.19716106355190277, 0.16508342325687408]
Validation Accuracy: [0.8130000233650208, 0.953000009059906, 0.9104999899864197, 0.8884999752044678, 0.862500011920929, 0.9365000128746033, 0.8634999990463257, 0.8895000219345093, 0.9424999952316284, 0.9129999876022339, 0.953000009059906, 0.8684999942779541, 0.9415000081062317, 0.8845000267028809, 0.9639999866485596, 0.906000018119812, 0.9110000133514404, 0.9049999713897705, 0.8945000171661377, 0.9190000295639038, 0.909500002861023, 0.9100000262260437, 0.9350000023841858, 0.8964999914169312, 0.9089999794960022, 0.9290000200271606]
Validation F1: [0.7802534728825463, 0.9530008312466511, 0.910712167697576, 0.8872645439730857, 0.8466160203368712, 0.935575566847434, 0.8465459902767564, 0.881092039471107, 0.9415769823838027, 0.909301248844425, 0.9525561266350413, 0.8532561746587205, 0.9405834809297425, 0.8750788585961298, 0.9639090071580976, 0.9014079977849618, 0.9068600159419306, 0.9001844779915059, 0.8874514022593044, 0.9161423063741707, 0.9052100862745617, 0.9057861428824702, 0.9334873208701656, 0.8895853647183597, 0.9046330767772699, 0.9271498078238145]
Validation Precision: [0.7576998396588965, 0.9541600667918272, 0.9331370828473222, 0.9233262201925099, 0.9175324675324675, 0.9488305942164791, 0.9167772606857099, 0.9261277274142516, 0.9526217311793602, 0.9358215956565509, 0.9593671830640087, 0.9200386453168767, 0.9516605393014316, 0.9232663012023697, 0.9666994306237117, 0.9322124373564641, 0.9353375297130208, 0.9310620840082365, 0.9268834881952276, 0.9385381037426648, 0.9343276400196284, 0.9345859308385722, 0.9487423837431309, 0.9295579902737264, 0.9340700644878487, 0.9449991024948768]
Validation Recall: [0.813, 0.953, 0.9105, 0.8885, 0.8625, 0.9365, 0.8635, 0.8895, 0.9425, 0.913, 0.953, 0.8685, 0.9415, 0.8845, 0.964, 0.906, 0.911, 0.905, 0.8945, 0.919, 0.9095, 0.91, 0.935, 0.8965, 0.909, 0.929]
Validation Loss Min: 0.1234
Validation Accuracy Max: 0.9640
Validation F1 Max: 0.9639

--- MODEL CONFIGURATION ---
FIRST LAYER NODES: 128
HIDDEN LAYERS: 3
PATIENCE: 15
MAX EPOCHS: 100
EPOCHS RUN: 25

--- CLASSIFICATION REPORT ---
              precision    recall  f1-score   support

           0       1.00      0.98      0.99       300
           1       0.96      0.86      0.91       200
           2       0.99      0.99      0.99       200
           3       0.87      0.96      0.92       200
           4       0.98      0.99      0.99       100

    accuracy                           0.96      1000
   macro avg       0.96      0.96      0.96      1000
weighted avg       0.96      0.96      0.96      1000

VALIDATION MACRO F1: 0.9521
