PARAMS: {'batch_size': 64, 'learning_rate': 0.01, 'dropout_rate': 0.2, 'epochs': 100, 'patience': 15}
ACCURACY:  0.9830
F1 SCORE:  0.9815
PRECISION: 0.9810
RECALL:    0.9820
TEST LOSS: 0.0844
Validation Loss: [0.1465369015932083, 0.22597211599349976, 0.11520221084356308, 0.11538580060005188, 0.09356112778186798, 0.2071668803691864, 0.13202837109565735, 0.12232656031847, 0.08962355554103851, 0.0961037427186966, 0.17005155980587006, 0.1468345671892166, 0.11170464754104614, 0.09404858201742172, 0.12263792008161545, 0.1536666601896286, 0.09779806435108185, 0.11973046511411667, 0.09300698339939117, 0.1481252908706665, 0.12114924937486649, 0.08671563118696213, 0.09863932430744171, 0.11466202139854431, 0.10706263780593872, 0.12774699926376343, 0.13491766154766083, 0.15294086933135986, 0.13100706040859222, 0.1769818663597107, 0.1089184433221817, 0.11455915868282318, 0.12418892234563828, 0.12635011970996857, 0.11743313819169998, 0.09537418931722641, 0.15890361368656158]
Validation Accuracy: [0.9585000276565552, 0.9104999899864197, 0.9570000171661377, 0.9750000238418579, 0.9714999794960022, 0.906000018119812, 0.9545000195503235, 0.9539999961853027, 0.9764999747276306, 0.9725000262260437, 0.9265000224113464, 0.9514999985694885, 0.9629999995231628, 0.9829999804496765, 0.9574999809265137, 0.9520000219345093, 0.9629999995231628, 0.9585000276565552, 0.9679999947547913, 0.9409999847412109, 0.9580000042915344, 0.9794999957084656, 0.9635000228881836, 0.9745000004768372, 0.9775000214576721, 0.9635000228881836, 0.9649999737739563, 0.9505000114440918, 0.9610000252723694, 0.9375, 0.9785000085830688, 0.9664999842643738, 0.9629999995231628, 0.9589999914169312, 0.9764999747276306, 0.9854999780654907, 0.9549999833106995]
Validation F1: [0.9585836615672374, 0.907328703567033, 0.9567017561536464, 0.9749768737326237, 0.9714664367030001, 0.903362564799491, 0.954134218675185, 0.9534931288896398, 0.9764840638716543, 0.9724613649910202, 0.9246166543791999, 0.951055420795237, 0.9628051249189673, 0.9830038519382738, 0.9570924078249546, 0.9515715404250901, 0.9628422822782723, 0.9581235572555014, 0.9679298886356951, 0.9398128329151391, 0.95794118643613, 0.9794958910525291, 0.9633889350943545, 0.9744741154987936, 0.977513230820221, 0.9633929599317229, 0.9647893978449209, 0.9498266573337254, 0.9608065540005153, 0.9361086397182696, 0.9784979496065066, 0.9664040221821019, 0.9629033168544662, 0.9586385375721223, 0.9764881607668978, 0.9854985447955408, 0.9546484591863077]
VALIDATION MACRO F1: [0.9581034943365812, 0.9076701173037188, 0.9567850201003576, 0.9750601376793349, 0.9715497006497114, 0.8931637748254202, 0.9542174826218961, 0.9536597955563064, 0.9763179512597621, 0.9725446289377313, 0.9244505417673075, 0.9508893081833445, 0.9628883888656784, 0.9830871158849849, 0.9571756717716656, 0.9514054278131976, 0.9629255462249834, 0.9582068212022126, 0.9680131525824061, 0.9398960968618504, 0.958024450382841, 0.9793297784406366, 0.9634721990410655, 0.9745573794455046, 0.9775964947669321, 0.9633102500397861, 0.9648726617916321, 0.9499099212804365, 0.9608898179472263, 0.9362753063849363, 0.9785812135532176, 0.966487286128813, 0.9629865808011772, 0.9587218015188335, 0.976571424713609, 0.9853324321836482, 0.9547317231330188]
Validation Precision: [0.9591726387384731, 0.9312859199717831, 0.9616167940627175, 0.9758456992765643, 0.9725202086320253, 0.9208187296316793, 0.9597635556099329, 0.9621242804814233, 0.9769939060631343, 0.9736611392065204, 0.9417426626256461, 0.9573718638813443, 0.9674424602109643, 0.9831188220908511, 0.9647900881451026, 0.9577334782391033, 0.9659838392211908, 0.9654759356811952, 0.9696708143189537, 0.9542397100898888, 0.9595557030123364, 0.9796399259425598, 0.9663365446023834, 0.9754050352703136, 0.9775653078462379, 0.9656695752903518, 0.9700765249105081, 0.96014340222788, 0.9644122862352705, 0.951962417995275, 0.9788211257117434, 0.968601955542261, 0.9655111579236738, 0.9658209982669217, 0.9770759754793458, 0.9855604526309633, 0.9601314022419489]
Validation Recall: [0.9585, 0.9105, 0.957, 0.975, 0.9715, 0.906, 0.9545, 0.954, 0.9765, 0.9725, 0.9265, 0.9515, 0.963, 0.983, 0.9575, 0.952, 0.963, 0.9585, 0.968, 0.941, 0.958, 0.9795, 0.9635, 0.9745, 0.9775, 0.9635, 0.965, 0.9505, 0.961, 0.9375, 0.9785, 0.9665, 0.963, 0.959, 0.9765, 0.9855, 0.955]
Validation Loss Min: 0.0867
Validation Accuracy Max: 0.9855
Validation F1 Max: 0.9855
VALIDATION MACRO F1 Max: 0.9853

--- MODEL CONFIGURATION ---
PATIENCE: 15
MAX EPOCHS: 100
EPOCHS RUN: 37

--- CLASSIFICATION REPORT ---
              precision    recall  f1-score   support

           0       1.00      1.00      1.00       300
           1       0.96      0.97      0.97       200
           2       1.00      0.99      1.00       200
           3       0.96      0.95      0.96       200
           4       0.98      0.99      0.99       100

    accuracy                           0.98      1000
   macro avg       0.98      0.98      0.98      1000
weighted avg       0.98      0.98      0.98      1000
