PARAMS: {'batch_size': 128, 'learning_rate': 0.01, 'dropout_rate': 0.2, 'n_hidden_layers': 2, 'first_layer_nodes': 64, 'epochs': 100, 'patience': 15}
ACCURACY:  0.9820
F1 SCORE:  0.9820
MACRO F1-SCORE: 0.9820
PRECISION: 0.9820
RECALL:    0.9820
TEST LOSS: 0.0811
Validation Loss: [0.3203345239162445, 0.39998891949653625, 0.14287757873535156, 0.10286784172058105, 0.10553085058927536, 0.08742331713438034, 0.08359448611736298, 0.1269649714231491, 0.08264235407114029, 0.07735531777143478, 0.12238524854183197, 0.08066634833812714, 0.11392040550708771, 0.0801514983177185, 0.08340048044919968, 0.07262561470270157, 0.08296819031238556, 0.07870213687419891, 0.0849945917725563, 0.10665389895439148, 0.12312094122171402, 0.08896098285913467, 0.06530414521694183, 0.10825951397418976, 0.08687201142311096, 0.07092224061489105, 0.06855683773756027, 0.07145736366510391, 0.08290804177522659, 0.09700934588909149, 0.10971768945455551, 0.09635519236326218, 0.08890129625797272, 0.09688819199800491, 0.10080602765083313, 0.08800515532493591, 0.06931864470243454, 0.08488626778125763]
Validation Accuracy: [0.875, 0.7475000023841858, 0.9474999904632568, 0.9599999785423279, 0.9639999866485596, 0.9664999842643738, 0.9739999771118164, 0.9415000081062317, 0.9645000100135803, 0.9660000205039978, 0.9440000057220459, 0.9760000109672546, 0.9549999833106995, 0.9704999923706055, 0.9704999923706055, 0.9735000133514404, 0.9695000052452087, 0.9645000100135803, 0.9735000133514404, 0.9480000138282776, 0.9480000138282776, 0.9580000042915344, 0.9769999980926514, 0.9520000219345093, 0.9629999995231628, 0.9775000214576721, 0.9764999747276306, 0.9704999923706055, 0.9739999771118164, 0.9704999923706055, 0.9574999809265137, 0.9599999785423279, 0.9599999785423279, 0.9605000019073486, 0.9549999833106995, 0.9649999737739563, 0.9904999732971191, 0.965499997138977]
Validation F1: [0.8746942193370065, 0.7458973887816913, 0.9468263777373975, 0.9599427774818599, 0.9639308224257581, 0.9664247537955345, 0.973971303602348, 0.940521976440269, 0.964486380219708, 0.9659558728802418, 0.9431850255146933, 0.9759865789343505, 0.9545470692252518, 0.9704232829000901, 0.9704197829501342, 0.9734530639683772, 0.9695249410500427, 0.9644254298435376, 0.9734759547826168, 0.9473184516850013, 0.9473184516850013, 0.9576856380266847, 0.9769749831097445, 0.9515029294090798, 0.9627459418276929, 0.9775371462822281, 0.9764666136478352, 0.9704150624389231, 0.9740063431333862, 0.9704237135818704, 0.9571535123981767, 0.9597347033565025, 0.9597347033565025, 0.960234296971365, 0.9546015828010672, 0.9648511479128546, 0.9905064926123053, 0.965359022431129]
Validation Precision: [0.883345759213665, 0.8085160337875977, 0.9556955115355248, 0.9618890838537933, 0.9655510096265857, 0.9683283155416299, 0.974871623430055, 0.952655738404022, 0.9648093762923637, 0.9676218950553617, 0.9533624955607393, 0.9766882489250177, 0.9627932147156107, 0.9732232852829868, 0.9725583964122154, 0.9748562244037347, 0.969614847663628, 0.9676470390350134, 0.9750264473727781, 0.9563322534344025, 0.9563322534344025, 0.9630331118218205, 0.9778863958147398, 0.9587217932628619, 0.9686356799511955, 0.9775818858560794, 0.9776842829231691, 0.9726485549779195, 0.9747447307961242, 0.973274012798403, 0.9629708244987075, 0.9645157990651934, 0.9645157990651934, 0.9650745554179123, 0.9609246459237119, 0.9680192898575083, 0.9905304946450133, 0.968414720187598]
Validation Recall: [0.875, 0.7475, 0.9475, 0.96, 0.964, 0.9665, 0.974, 0.9415, 0.9645, 0.966, 0.944, 0.976, 0.955, 0.9705, 0.9705, 0.9735, 0.9695, 0.9645, 0.9735, 0.948, 0.948, 0.958, 0.977, 0.952, 0.963, 0.9775, 0.9765, 0.9705, 0.974, 0.9705, 0.9575, 0.96, 0.96, 0.9605, 0.955, 0.965, 0.9905, 0.9655]
Validation Loss Min: 0.0653
Validation Accuracy Max: 0.9905
Validation F1 Max: 0.9905

--- MODEL CONFIGURATION ---
FIRST LAYER NODES: 64
HIDDEN LAYERS: 2
PATIENCE: 15
MAX EPOCHS: 100
EPOCHS RUN: 37

--- CLASSIFICATION REPORT ---
              precision    recall  f1-score   support

           0       1.00      1.00      1.00       300
           1       0.96      0.96      0.96       200
           2       1.00      0.99      1.00       200
           3       0.96      0.95      0.96       200
           4       0.98      0.99      0.99       100

    accuracy                           0.98      1000
   macro avg       0.98      0.98      0.98      1000
weighted avg       0.98      0.98      0.98      1000

VALIDATION MACRO F1: 0.9766
