PARAMS: {'batch_size': 32, 'learning_rate': 0.01, 'dropout_rate': 0.2, 'n_hidden_layers': 3, 'first_layer_nodes': 128, 'epochs': 100, 'patience': 15}
ACCURACY:  0.9780
F1 SCORE:  0.9780
MACRO F1-SCORE: 0.9760
PRECISION: 0.9781
RECALL:    0.9780
TEST LOSS: 0.0951
Validation Loss: [0.25252974033355713, 0.12848778069019318, 0.1715688854455948, 0.10347096621990204, 0.12224417924880981, 0.1305685192346573, 0.11266554892063141, 0.11090657114982605, 0.13346722722053528, 0.1537717580795288, 0.16699369251728058, 0.17290513217449188, 0.14686360955238342, 0.09557603299617767, 0.18296143412590027, 0.15108035504817963, 0.13216188549995422, 0.11700135469436646, 0.19951191544532776, 0.076198048889637, 0.20052646100521088, 0.2321309745311737, 0.17280375957489014, 0.07829336822032928, 0.08828647434711456, 0.12578104436397552, 0.12513498961925507, 0.22179727256298065, 0.25591975450515747, 0.20510616898536682, 0.15781418979167938, 0.12675198912620544, 0.21589982509613037, 0.13504402339458466, 0.09932008385658264]
Validation Accuracy: [0.8884999752044678, 0.9495000243186951, 0.9564999938011169, 0.9629999995231628, 0.9484999775886536, 0.9620000123977661, 0.9520000219345093, 0.9704999923706055, 0.968999981880188, 0.9495000243186951, 0.9430000185966492, 0.9304999709129333, 0.9409999847412109, 0.972000002861023, 0.9275000095367432, 0.9319999814033508, 0.9524999856948853, 0.9589999914169312, 0.9284999966621399, 0.9769999980926514, 0.9294999837875366, 0.9265000224113464, 0.9419999718666077, 0.9884999990463257, 0.9620000123977661, 0.9459999799728394, 0.953000009059906, 0.9380000233650208, 0.9359999895095825, 0.9319999814033508, 0.9309999942779541, 0.949999988079071, 0.9390000104904175, 0.9380000233650208, 0.9610000252723694]
Validation F1: [0.88657361493384, 0.9490355518250395, 0.956479895137193, 0.9629950394711956, 0.9478399780015274, 0.9617676908667524, 0.9514577138444846, 0.9704408728487299, 0.9688989126258652, 0.9489002457593276, 0.943198818202815, 0.9286694528577725, 0.9399636209883194, 0.9719503598540116, 0.9254062120728759, 0.9304110753532366, 0.9521711132743478, 0.9587388185494399, 0.9269969645005012, 0.9769907112353485, 0.9276329863053111, 0.9244672475766027, 0.9410520728301459, 0.9885055419222822, 0.96177941055169, 0.9452535143175048, 0.9524941998110421, 0.9367695662151787, 0.9345977112732664, 0.9302940145389625, 0.9291682149544316, 0.9494200100842365, 0.9380930385677302, 0.936780199571079, 0.9607851331293935]
Validation Precision: [0.8982082480653427, 0.9560503687658861, 0.9574111211130522, 0.9638066419332005, 0.9566697853816387, 0.9662002773913102, 0.9592908473505488, 0.9728534990704857, 0.9722939669086682, 0.9572679629690198, 0.9532037549058977, 0.9458691922245208, 0.9518215581973606, 0.9735665087835828, 0.9440284162431408, 0.9461559945913188, 0.957731702877284, 0.9637887418375224, 0.9421448023616904, 0.9775869582905605, 0.9449931667888727, 0.9425897836363951, 0.9522128181962283, 0.9885553271920071, 0.9660859550241194, 0.9548394385590541, 0.9599842770660605, 0.9502094192128979, 0.9491595340815597, 0.9467543295832929, 0.9463617787966109, 0.9576100947783984, 0.9488462873433849, 0.9499236436801575, 0.9648912893786616]
Validation Recall: [0.8885, 0.9495, 0.9565, 0.963, 0.9485, 0.962, 0.952, 0.9705, 0.969, 0.9495, 0.943, 0.9305, 0.941, 0.972, 0.9275, 0.932, 0.9525, 0.959, 0.9285, 0.977, 0.9295, 0.9265, 0.942, 0.9885, 0.962, 0.946, 0.953, 0.938, 0.936, 0.932, 0.931, 0.95, 0.939, 0.938, 0.961]
Validation Loss Min: 0.0762
Validation Accuracy Max: 0.9885
Validation F1 Max: 0.9885

--- MODEL CONFIGURATION ---
FIRST LAYER NODES: 128
HIDDEN LAYERS: 3
PATIENCE: 15
MAX EPOCHS: 100
EPOCHS RUN: 34

--- CLASSIFICATION REPORT ---
              precision    recall  f1-score   support

           0       1.00      1.00      1.00       300
           1       0.95      0.96      0.95       200
           2       0.99      0.99      0.99       200
           3       0.95      0.94      0.95       200
           4       0.99      0.99      0.99       100

    accuracy                           0.98      1000
   macro avg       0.98      0.98      0.98      1000
weighted avg       0.98      0.98      0.98      1000

VALIDATION MACRO F1: 0.9767
