PARAMS: {'batch_size': 32, 'learning_rate': 0.01, 'dropout_rate': 0.2, 'n_hidden_layers': 2, 'first_layer_nodes': 64, 'epochs': 100, 'patience': 15}
ACCURACY:  0.9730
F1 SCORE:  0.9730
MACRO F1-SCORE: 0.9700
PRECISION: 0.9733
RECALL:    0.9730
TEST LOSS: 0.0895
Validation Loss: [0.2263340950012207, 0.12793567776679993, 0.11180908232927322, 0.11960715055465698, 0.08406094461679459, 0.09605290740728378, 0.09012126177549362, 0.28940558433532715, 0.15632525086402893, 0.1599148064851761, 0.11268172413110733, 0.08076223731040955, 0.1446780413389206, 0.08187514543533325, 0.08595190197229385, 0.11225327104330063, 0.1263076215982437, 0.09890847653150558, 0.09640535712242126, 0.07607655227184296, 0.1328330636024475, 0.1695457547903061, 0.1465093046426773, 0.1526489108800888, 0.10601405799388885, 0.09346265345811844, 0.09442134946584702, 0.18580842018127441, 0.08036439120769501, 0.12161677330732346, 0.17834344506263733, 0.11793409287929535, 0.14013823866844177, 0.08563461899757385, 0.08381181210279465]
Validation Accuracy: [0.9434999823570251, 0.972000002861023, 0.9635000228881836, 0.9474999904632568, 0.9754999876022339, 0.9614999890327454, 0.9639999866485596, 0.8794999718666077, 0.9380000233650208, 0.9254999756813049, 0.9624999761581421, 0.9670000076293945, 0.9434999823570251, 0.9614999890327454, 0.9629999995231628, 0.9449999928474426, 0.9564999938011169, 0.9674999713897705, 0.9629999995231628, 0.9674999713897705, 0.9430000185966492, 0.940500020980835, 0.9415000081062317, 0.9240000247955322, 0.9564999938011169, 0.9599999785423279, 0.9589999914169312, 0.9394999742507935, 0.9620000123977661, 0.9424999952316284, 0.9200000166893005, 0.953000009059906, 0.9474999904632568, 0.9714999794960022, 0.9629999995231628]
Validation F1: [0.9429849943728479, 0.9719582626279794, 0.9632701578695639, 0.9468268693250433, 0.9754949784527904, 0.9612842668026041, 0.9638745489950187, 0.8754352431529524, 0.9381353418186134, 0.9231582590650592, 0.96252059323795, 0.9668765931836134, 0.9426388173808239, 0.9612726678076691, 0.962840203750369, 0.9441516712300693, 0.9561249818926845, 0.9674324578569257, 0.9629589836636641, 0.9673878360481554, 0.9421054891804002, 0.9394841711894695, 0.940492251852771, 0.9215039265665791, 0.9561436334318353, 0.95972249942533, 0.958697874736874, 0.9384091998408087, 0.9617943132334101, 0.941839085638789, 0.9201505517105956, 0.9525130474705802, 0.9468249071805592, 0.9714319829979302, 0.9628134820349026]
Validation Precision: [0.9505088761613326, 0.9733428598005283, 0.968861281032562, 0.9556152042151401, 0.9766250952444981, 0.9654428780425451, 0.9673758881361435, 0.8919218662346875, 0.9407108782593575, 0.9431908140231587, 0.9660027909481962, 0.9697253256996614, 0.9529390216899706, 0.9655548601771136, 0.9661152811590631, 0.9545802284259765, 0.9623195325350247, 0.9699316296845072, 0.9646531893520843, 0.9700127123040397, 0.9528623166208565, 0.9513228181827453, 0.9521418096120592, 0.9423455294482042, 0.9619994294582136, 0.9647023027620044, 0.9639622163016633, 0.9506093209770602, 0.9658250088119696, 0.9529907356217855, 0.9392052019499226, 0.9598404021815519, 0.9557754930655633, 0.9733907225280565, 0.9665938936514911]
Validation Recall: [0.9435, 0.972, 0.9635, 0.9475, 0.9755, 0.9615, 0.964, 0.8795, 0.938, 0.9255, 0.9625, 0.967, 0.9435, 0.9615, 0.963, 0.945, 0.9565, 0.9675, 0.963, 0.9675, 0.943, 0.9405, 0.9415, 0.924, 0.9565, 0.96, 0.959, 0.9395, 0.962, 0.9425, 0.92, 0.953, 0.9475, 0.9715, 0.963]
Validation Loss Min: 0.0761
Validation Accuracy Max: 0.9755
Validation F1 Max: 0.9755

--- MODEL CONFIGURATION ---
FIRST LAYER NODES: 64
HIDDEN LAYERS: 2
PATIENCE: 15
MAX EPOCHS: 100
EPOCHS RUN: 34

--- CLASSIFICATION REPORT ---
              precision    recall  f1-score   support

           0       1.00      0.99      0.99       300
           1       0.96      0.93      0.94       200
           2       0.99      0.99      0.99       200
           3       0.93      0.96      0.94       200
           4       0.99      0.99      0.99       100

    accuracy                           0.97      1000
   macro avg       0.97      0.97      0.97      1000
weighted avg       0.97      0.97      0.97      1000

VALIDATION MACRO F1: 0.9672
