PARAMS: {'batch_size': 64, 'learning_rate': 0.001, 'dropout_rate': 0.2, 'n_hidden_layers': 2, 'first_layer_nodes': 256, 'epochs': 100, 'patience': 15}
ACCURACY:  0.9840
F1 SCORE:  0.9840
MACRO F1-SCORE: 0.9840
PRECISION: 0.9840
RECALL:    0.9840
TEST LOSS: 0.0652
Validation Loss: [0.3878422975540161, 0.22348961234092712, 0.1636282503604889, 0.12071968615055084, 0.10430865734815598, 0.09033646434545517, 0.10852081328630447, 0.0838390588760376, 0.07611657679080963, 0.07758670300245285, 0.12201201170682907, 0.08352803438901901, 0.07596716284751892, 0.09060744941234589, 0.08039916306734085, 0.08119723945856094, 0.08367222547531128, 0.10213448107242584, 0.06631363183259964, 0.07019813358783722, 0.07377512007951736, 0.06638725101947784, 0.07939212769269943, 0.06422612071037292, 0.08338918536901474, 0.07538340240716934, 0.07894092798233032, 0.07084333896636963, 0.1654176563024521, 0.09229109436273575, 0.08262582868337631, 0.060508497059345245, 0.08193675428628922, 0.06813137978315353, 0.06351474672555923, 0.07596832513809204, 0.07911761105060577, 0.07024411112070084, 0.06885270029306412, 0.05839729681611061, 0.06307098269462585, 0.060616690665483475, 0.06531649082899094, 0.06169826537370682, 0.06826506555080414, 0.062014780938625336, 0.06384191662073135, 0.06581439077854156, 0.06924302130937576, 0.06023672968149185, 0.05635788291692734, 0.07885147631168365, 0.05602092668414116, 0.09377600997686386, 0.056507982313632965, 0.07783670723438263, 0.05672873184084892, 0.05777861177921295, 0.08869270235300064, 0.05573651194572449, 0.06080319359898567, 0.06316384673118591, 0.07428266853094101, 0.05398284271359444, 0.0625830814242363, 0.07510913908481598, 0.05098266154527664, 0.05430588498711586, 0.056329041719436646, 0.07351726293563843, 0.05949081853032112, 0.057652413845062256, 0.076560378074646, 0.059795528650283813, 0.0715661272406578, 0.08002784103155136, 0.05577594041824341, 0.07361144572496414, 0.06082163751125336, 0.06146548315882683, 0.07886739820241928, 0.05846547335386276]
Validation Accuracy: [0.8560000061988831, 0.9135000109672546, 0.9520000219345093, 0.9555000066757202, 0.9635000228881836, 0.9664999842643738, 0.9564999938011169, 0.9624999761581421, 0.9750000238418579, 0.968999981880188, 0.9495000243186951, 0.9635000228881836, 0.9745000004768372, 0.9610000252723694, 0.9620000123977661, 0.9629999995231628, 0.9639999866485596, 0.9570000171661377, 0.9750000238418579, 0.9704999923706055, 0.9674999713897705, 0.9700000286102295, 0.9639999866485596, 0.9775000214576721, 0.9635000228881836, 0.9635000228881836, 0.9664999842643738, 0.9660000205039978, 0.9415000081062317, 0.9589999914169312, 0.9610000252723694, 0.9769999980926514, 0.9624999761581421, 0.9745000004768372, 0.9909999966621399, 0.9639999866485596, 0.9635000228881836, 0.9710000157356262, 0.9664999842643738, 0.9785000085830688, 0.9800000190734863, 0.9760000109672546, 0.9710000157356262, 0.9729999899864197, 0.984000027179718, 0.9835000038146973, 0.9789999723434448, 0.965499997138977, 0.9664999842643738, 0.9714999794960022, 0.9815000295639038, 0.9635000228881836, 0.9869999885559082, 0.9639999866485596, 0.9929999709129333, 0.9624999761581421, 0.9829999804496765, 0.9825000166893005, 0.9614999890327454, 0.9835000038146973, 0.965499997138977, 0.9645000100135803, 0.9635000228881836, 0.9825000166893005, 0.9729999899864197, 0.965499997138977, 0.9829999804496765, 0.9884999990463257, 0.9789999723434448, 0.9710000157356262, 0.984499990940094, 0.9860000014305115, 0.9679999947547913, 0.9754999876022339, 0.9649999737739563, 0.965499997138977, 0.9835000038146973, 0.9635000228881836, 0.9729999899864197, 0.9729999899864197, 0.9639999866485596, 0.9754999876022339]
Validation F1: [0.8572599981221242, 0.9136271259281388, 0.9519331430885779, 0.9552242837641077, 0.9634370803447228, 0.9664606734493539, 0.9561592546339276, 0.9623180558685664, 0.9749818546489705, 0.9689456397596723, 0.9489453713120676, 0.963257602578047, 0.9745080781103963, 0.9607290315105047, 0.9618336451934051, 0.962798320658015, 0.9638652579837053, 0.9566395023328305, 0.9749622572212674, 0.9703966867512158, 0.9674159729324094, 0.969908551930662, 0.9637689199662232, 0.9774894733320076, 0.963257602578047, 0.963257602578047, 0.9663847786339259, 0.9658619495939776, 0.940454608829418, 0.958697874736874, 0.9607571996583499, 0.9769745406536665, 0.962278172648349, 0.9744741853851425, 0.9910071465171915, 0.9638077394282482, 0.963257602578047, 0.9709205146847631, 0.9663627149664401, 0.9784778375632344, 0.9800181992144262, 0.9759687426353709, 0.9709205146847631, 0.9729470713610162, 0.9839990716947483, 0.9834980974469854, 0.97898422685769, 0.9653008624432915, 0.9663627149664401, 0.971426494304492, 0.9814901355278114, 0.9632981919449419, 0.9870016363792301, 0.9637689199662232, 0.9930052130017127, 0.9622930753300692, 0.9829945197690608, 0.9824958418106724, 0.9612568876677222, 0.9834980974469854, 0.9653008624432915, 0.9642798990461966, 0.9632701578695639, 0.9824931764677539, 0.9729196295365952, 0.9653470244206294, 0.9829945197690608, 0.988507247040525, 0.9789837418599914, 0.9709207640095076, 0.9845023085572917, 0.9860053078612484, 0.9680164318519395, 0.9754655882376713, 0.9648259349137773, 0.9652901299267723, 0.9834980974469854, 0.9633208286392705, 0.9729401089263672, 0.9729496161819357, 0.9638077394282482, 0.9754599799375353]
Validation Precision: [0.8653931019029311, 0.9176686440639663, 0.9538954898555524, 0.960285543284819, 0.9654550376283072, 0.9676556146209312, 0.962000139194883, 0.9659608984820465, 0.9757973372760887, 0.9705437532079007, 0.9569059426396964, 0.9689940129859178, 0.9751916835699798, 0.9657302537899555, 0.9652346007447404, 0.9667848370514802, 0.9674826343048644, 0.9626090829941889, 0.9762488053210762, 0.9739227774172616, 0.9693938970466223, 0.9730542878210001, 0.9693538676046519, 0.9780795448626507, 0.9689940129859178, 0.9689940129859178, 0.9689990961874169, 0.9688807177940865, 0.9524925433149573, 0.9639622163016633, 0.965266058625567, 0.9779805167729958, 0.9665785415962096, 0.9755598548269961, 0.9912076372089778, 0.9677225564133939, 0.9689940129859178, 0.9730583964122154, 0.9694309339350291, 0.9794220303849577, 0.980238582598735, 0.9771108886462, 0.9730583964122154, 0.9745468288580871, 0.9842889510986527, 0.983825029528616, 0.9797428631490436, 0.97044265850236, 0.9694309339350291, 0.9742375302972318, 0.9820871999341355, 0.96733967015757, 0.9871656517621541, 0.9693538676046519, 0.9930378410975427, 0.9663175953840596, 0.9834469944988218, 0.9829035046934789, 0.9658235321090402, 0.983825029528616, 0.97044265850236, 0.9697152535196358, 0.968861281032562, 0.9829916737104575, 0.9761029290632928, 0.9686430579744358, 0.9834469944988218, 0.988519806980137, 0.9798099110090097, 0.9738414169255086, 0.9852902809894192, 0.9861884084993408, 0.9681870726954453, 0.9766789108978653, 0.9684930282575688, 0.9705756929637527, 0.983825029528616, 0.966919515601808, 0.9747152803096079, 0.9745936351114026, 0.9677225564133939, 0.9768267762375236]
Validation Recall: [0.856, 0.9135, 0.952, 0.9555, 0.9635, 0.9665, 0.9565, 0.9625, 0.975, 0.969, 0.9495, 0.9635, 0.9745, 0.961, 0.962, 0.963, 0.964, 0.957, 0.975, 0.9705, 0.9675, 0.97, 0.964, 0.9775, 0.9635, 0.9635, 0.9665, 0.966, 0.9415, 0.959, 0.961, 0.977, 0.9625, 0.9745, 0.991, 0.964, 0.9635, 0.971, 0.9665, 0.9785, 0.98, 0.976, 0.971, 0.973, 0.984, 0.9835, 0.979, 0.9655, 0.9665, 0.9715, 0.9815, 0.9635, 0.987, 0.964, 0.993, 0.9625, 0.983, 0.9825, 0.9615, 0.9835, 0.9655, 0.9645, 0.9635, 0.9825, 0.973, 0.9655, 0.983, 0.9885, 0.979, 0.971, 0.9845, 0.986, 0.968, 0.9755, 0.965, 0.9655, 0.9835, 0.9635, 0.973, 0.973, 0.964, 0.9755]
Validation Loss Min: 0.0510
Validation Accuracy Max: 0.9930
Validation F1 Max: 0.9930

--- MODEL CONFIGURATION ---
FIRST LAYER NODES: 256
HIDDEN LAYERS: 2
PATIENCE: 15
MAX EPOCHS: 100
EPOCHS RUN: 81

--- CLASSIFICATION REPORT ---
              precision    recall  f1-score   support

           0       1.00      1.00      1.00       300
           1       0.96      0.97      0.97       200
           2       1.00      0.99      1.00       200
           3       0.96      0.96      0.96       200
           4       0.99      0.99      0.99       100

    accuracy                           0.98      1000
   macro avg       0.98      0.98      0.98      1000
weighted avg       0.98      0.98      0.98      1000

VALIDATION MACRO F1: 0.9828
