PARAMS: {'batch_size': 32, 'learning_rate': 0.001, 'dropout_rate': 0.2, 'n_hidden_layers': 2, 'first_layer_nodes': 256, 'epochs': 100, 'patience': 15}
ACCURACY:  0.9830
F1 SCORE:  0.9830
MACRO F1-SCORE: 0.9820
PRECISION: 0.9830
RECALL:    0.9830
TEST LOSS: 0.0790
Validation Loss: [0.29332268238067627, 0.15865246951580048, 0.11755315959453583, 0.09841440618038177, 0.0914924219250679, 0.10095609724521637, 0.12923002243041992, 0.07616116106510162, 0.07719330489635468, 0.076314777135849, 0.08971655368804932, 0.07291359454393387, 0.10957571119070053, 0.09170911461114883, 0.08125635236501694, 0.07446951419115067, 0.06658422946929932, 0.12693919241428375, 0.0690392255783081, 0.07359641045331955, 0.09882988035678864, 0.0732806846499443, 0.15305402874946594, 0.07726960629224777, 0.0933995395898819, 0.07939595729112625, 0.07234204560518265, 0.06075615435838699, 0.07535061985254288, 0.0642252117395401, 0.08047561347484589, 0.09203565120697021, 0.09321138262748718, 0.06350187212228775, 0.07198034971952438, 0.07762879878282547, 0.08036252111196518, 0.0699038878083229, 0.06891696900129318, 0.06378990411758423, 0.06478472799062729, 0.061889369040727615, 0.06290460377931595]
Validation Accuracy: [0.9350000023841858, 0.9399999976158142, 0.9570000171661377, 0.968500018119812, 0.9614999890327454, 0.9620000123977661, 0.9470000267028809, 0.9704999923706055, 0.9745000004768372, 0.9704999923706055, 0.9599999785423279, 0.9760000109672546, 0.9589999914169312, 0.9595000147819519, 0.9624999761581421, 0.9639999866485596, 0.9739999771118164, 0.9459999799728394, 0.9704999923706055, 0.9739999771118164, 0.9539999961853027, 0.968500018119812, 0.9415000081062317, 0.9714999794960022, 0.9580000042915344, 0.9620000123977661, 0.9664999842643738, 0.9804999828338623, 0.9639999866485596, 0.9915000200271606, 0.9695000052452087, 0.9585000276565552, 0.9580000042915344, 0.9739999771118164, 0.965499997138977, 0.968999981880188, 0.9624999761581421, 0.9674999713897705, 0.968500018119812, 0.9764999747276306, 0.9695000052452087, 0.9760000109672546, 0.9710000157356262]
Validation F1: [0.9356725579830012, 0.9397591919867836, 0.9566941974924917, 0.968434659948913, 0.9613426519072616, 0.9619804906823655, 0.9463445683460353, 0.9704299143928461, 0.9745169154820266, 0.9704235402914398, 0.9597048404742515, 0.9759907673026917, 0.9587003881625307, 0.9592908212663933, 0.9622608910710424, 0.963831451864829, 0.9739550462218218, 0.9452263323454397, 0.9704235402914398, 0.9740165288782322, 0.9535331027702186, 0.968390893462385, 0.940494076343246, 0.9714257406250892, 0.9576718435264368, 0.9617783920720965, 0.96635105370743, 0.9805033409715218, 0.9638296216759947, 0.9915069339748648, 0.9694137262646721, 0.9581991126402147, 0.9576522373977272, 0.9739449996221036, 0.9653652645061548, 0.9690136013173001, 0.962278172648349, 0.9673773249182424, 0.9684080023860626, 0.9764804822941592, 0.9694083300497182, 0.975963385914141, 0.9709289231844609]
Validation Precision: [0.9464215565815288, 0.9432949175924457, 0.9619521347050145, 0.9709430300073483, 0.9653420345183352, 0.9632782063561737, 0.9551991000778142, 0.9723811307762068, 0.9747045619769154, 0.9724598503880211, 0.9649919778238077, 0.97664888787205, 0.9651143515657805, 0.9634939526622022, 0.9680136929114135, 0.9673690175744968, 0.9753941552761517, 0.9550765641268141, 0.9724598503880211, 0.9742317104346905, 0.9618123350394974, 0.9710263284206624, 0.9520557140459809, 0.9734699768745213, 0.9632279525047475, 0.9660223756948814, 0.9696606530960771, 0.9806949191040876, 0.9673085546008702, 0.9916780934223732, 0.9723553162271883, 0.9634696297295733, 0.9635329911815906, 0.9764486066991851, 0.9682612939468521, 0.9692721361045451, 0.9665785415962096, 0.9702253256996615, 0.9707360425930801, 0.9774378754356507, 0.971695452501414, 0.9772545939422289, 0.9736217424720899]
Validation Recall: [0.935, 0.94, 0.957, 0.9685, 0.9615, 0.962, 0.947, 0.9705, 0.9745, 0.9705, 0.96, 0.976, 0.959, 0.9595, 0.9625, 0.964, 0.974, 0.946, 0.9705, 0.974, 0.954, 0.9685, 0.9415, 0.9715, 0.958, 0.962, 0.9665, 0.9805, 0.964, 0.9915, 0.9695, 0.9585, 0.958, 0.974, 0.9655, 0.969, 0.9625, 0.9675, 0.9685, 0.9765, 0.9695, 0.976, 0.971]
Validation Loss Min: 0.0608
Validation Accuracy Max: 0.9915
Validation F1 Max: 0.9915

--- MODEL CONFIGURATION ---
FIRST LAYER NODES: 256
HIDDEN LAYERS: 2
PATIENCE: 15
MAX EPOCHS: 100
EPOCHS RUN: 42

--- CLASSIFICATION REPORT ---
              precision    recall  f1-score   support

           0       1.00      1.00      1.00       300
           1       0.96      0.97      0.97       200
           2       0.99      0.99      0.99       200
           3       0.96      0.96      0.96       200
           4       0.99      0.99      0.99       100

    accuracy                           0.98      1000
   macro avg       0.98      0.98      0.98      1000
weighted avg       0.98      0.98      0.98      1000

VALIDATION MACRO F1: 0.9803
