PARAMS: {'batch_size': 128, 'learning_rate': 0.01, 'dropout_rate': 0.3, 'n_hidden_layers': 2, 'first_layer_nodes': 256, 'epochs': 100, 'patience': 15}
ACCURACY:  0.9850
F1 SCORE:  0.9850
MACRO F1-SCORE: 0.9840
PRECISION: 0.9851
RECALL:    0.9850
TEST LOSS: 0.1015
Validation Loss: [0.2621118426322937, 0.14563345909118652, 0.12347541749477386, 0.09945421665906906, 0.1370006948709488, 0.10101019591093063, 0.09576447308063507, 0.11683300882577896, 0.10777463763952255, 0.08245084434747696, 0.11837376654148102, 0.15355098247528076, 0.16982361674308777, 0.10308471322059631, 0.11235594004392624, 0.3006410002708435, 0.11114781349897385, 0.10863559693098068, 0.23061630129814148, 0.21519359946250916, 0.1417328268289566, 0.24965143203735352, 0.18506154417991638, 0.17600202560424805, 0.1826155185699463]
Validation Accuracy: [0.9190000295639038, 0.9514999985694885, 0.9580000042915344, 0.9775000214576721, 0.9265000224113464, 0.9620000123977661, 0.9854999780654907, 0.9495000243186951, 0.9595000147819519, 0.9789999723434448, 0.9424999952316284, 0.968999981880188, 0.9039999842643738, 0.9704999923706055, 0.9524999856948853, 0.8755000233650208, 0.9505000114440918, 0.9580000042915344, 0.8980000019073486, 0.9089999794960022, 0.9359999895095825, 0.8999999761581421, 0.906499981880188, 0.9104999899864197, 0.9325000047683716]
Validation F1: [0.9194595847261943, 0.9510843970826821, 0.957768680509605, 0.977517346224629, 0.9244125109007525, 0.9619703345031705, 0.9855167702901754, 0.9489753200703557, 0.9595175086347749, 0.9790003206019544, 0.9416087620692409, 0.9690845990517296, 0.8987083173557862, 0.9704548549347723, 0.952079991577705, 0.8625909355260697, 0.9500345533304134, 0.9578369108099453, 0.891552299949459, 0.9046400883626177, 0.9346464211610209, 0.8940410381870177, 0.9017334799315003, 0.9063680321165993, 0.9308342133166648]
Validation Precision: [0.9263802205622718, 0.9581652664229079, 0.9628020214227111, 0.9776617689833401, 0.9438244417890684, 0.963225925802063, 0.9855490817963517, 0.9566501051934699, 0.9597789876996313, 0.9792877023474038, 0.9523793648194463, 0.9692467356491746, 0.9336346938146037, 0.972571838076716, 0.9585268586302829, 0.9229592776856459, 0.9576159604643022, 0.9624292161028507, 0.9292902010295778, 0.9339626675218129, 0.9486802635912378, 0.9301108135500151, 0.9327926992584435, 0.9347382616745231, 0.9470513804232135]
Validation Recall: [0.919, 0.9515, 0.958, 0.9775, 0.9265, 0.962, 0.9855, 0.9495, 0.9595, 0.979, 0.9425, 0.969, 0.904, 0.9705, 0.9525, 0.8755, 0.9505, 0.958, 0.898, 0.909, 0.936, 0.9, 0.9065, 0.9105, 0.9325]
Validation Loss Min: 0.0825
Validation Accuracy Max: 0.9855
Validation F1 Max: 0.9855

--- MODEL CONFIGURATION ---
FIRST LAYER NODES: 256
HIDDEN LAYERS: 2
PATIENCE: 15
MAX EPOCHS: 100
EPOCHS RUN: 24

--- CLASSIFICATION REPORT ---
              precision    recall  f1-score   support

           0       1.00      1.00      1.00       300
           1       0.96      0.98      0.97       200
           2       0.99      0.99      0.99       200
           3       0.97      0.96      0.97       200
           4       0.99      0.99      0.99       100

    accuracy                           0.98      1000
   macro avg       0.98      0.98      0.98      1000
weighted avg       0.99      0.98      0.99      1000

VALIDATION MACRO F1: 0.9788
