PARAMS: {'batch_size': 64, 'learning_rate': 0.01, 'dropout_rate': 0.3, 'epochs': 100, 'patience': 15}
ACCURACY:  0.9790
F1 SCORE:  0.9780
PRECISION: 0.9767
RECALL:    0.9800
TEST LOSS: 0.1407
Validation Loss: [0.18457727134227753, 0.1536032110452652, 0.10534030944108963, 0.11226135492324829, 0.09766235947608948, 0.12854470312595367, 0.13816073536872864, 0.12283261120319366, 0.13954414427280426, 0.12474063783884048, 0.10243500024080276, 0.11443421989679337, 0.1042344942688942, 0.11684445291757584, 0.11618334800004959, 0.11183689534664154, 0.11917873471975327, 0.1004737988114357, 0.12303037941455841, 0.10261590033769608]
Validation Accuracy: [0.9359999895095825, 0.9169999957084656, 0.984499990940094, 0.9610000252723694, 0.9879999756813049, 0.9605000019073486, 0.9595000147819519, 0.9574999809265137, 0.9300000071525574, 0.9514999985694885, 0.9635000228881836, 0.9739999771118164, 0.9764999747276306, 0.9580000042915344, 0.9514999985694885, 0.9729999899864197, 0.9539999961853027, 0.968999981880188, 0.953499972820282, 0.9764999747276306]
Validation F1: [0.9353151083187466, 0.913755865619787, 0.9845025724329007, 0.9608222356247055, 0.9880069596350954, 0.9603482470581587, 0.9593357950600389, 0.9572495014287906, 0.9281600646749626, 0.9514006522055072, 0.963286651256783, 0.9739811271741877, 0.9764983492767786, 0.9577606454345271, 0.9510406851156836, 0.9729757613091027, 0.9536618990338275, 0.9689396308857384, 0.9531265779768225, 0.9764983492767786]
VALIDATION MACRO F1: [0.9349851250691655, 0.9135886443219503, 0.9844198625409637, 0.9609054995714168, 0.9880077915835811, 0.9602655371662218, 0.95941905900675, 0.9573327653755019, 0.9273217062160011, 0.9512332895858021, 0.9633699152034941, 0.9740643911208988, 0.9765816132234898, 0.9578439093812381, 0.9511239490623946, 0.9730590252558139, 0.9537451629805386, 0.9690228948324495, 0.9532098419235335, 0.9765816132234898]
Validation Precision: [0.9436843308367135, 0.9397776034137041, 0.9852327754220139, 0.964860025515723, 0.9881042118898368, 0.9632340467578683, 0.9629558334108469, 0.9614584788852961, 0.946297176503948, 0.9536489870968956, 0.9683851008310242, 0.9747271230265676, 0.9768202264311678, 0.9618423252617, 0.9575850913380857, 0.9738387337783306, 0.9588117530755078, 0.9705148324750772, 0.9587309665313993, 0.9768202264311678]
Validation Recall: [0.936, 0.917, 0.9845, 0.961, 0.988, 0.9605, 0.9595, 0.9575, 0.93, 0.9515, 0.9635, 0.974, 0.9765, 0.958, 0.9515, 0.973, 0.954, 0.969, 0.9535, 0.9765]
Validation Loss Min: 0.0977
Validation Accuracy Max: 0.9880
Validation F1 Max: 0.9880
VALIDATION MACRO F1 Max: 0.9880

--- MODEL CONFIGURATION ---
PATIENCE: 15
MAX EPOCHS: 100
EPOCHS RUN: 20

--- CLASSIFICATION REPORT ---
              precision    recall  f1-score   support

           0       1.00      0.98      0.99       300
           1       0.94      0.99      0.97       200
           2       0.98      0.99      0.99       200
           3       0.99      0.94      0.96       200
           4       0.97      0.99      0.98       100

    accuracy                           0.98      1000
   macro avg       0.98      0.98      0.98      1000
weighted avg       0.98      0.98      0.98      1000
