PARAMS: {'batch_size': 32, 'learning_rate': 0.001, 'dropout_rate': 0.4, 'n_hidden_layers': 2, 'first_layer_nodes': 64, 'epochs': 100, 'patience': 15}
ACCURACY:  0.9860
F1 SCORE:  0.9860
MACRO F1-SCORE: 0.9840
PRECISION: 0.9862
RECALL:    0.9860
TEST LOSS: 0.0836
Validation Loss: [0.568461000919342, 0.40287771821022034, 0.27424126863479614, 0.208227276802063, 0.1809069961309433, 0.13649868965148926, 0.1194286048412323, 0.10769177973270416, 0.11753074824810028, 0.10537346452474594, 0.09686742722988129, 0.08450041711330414, 0.0860760435461998, 0.08998893201351166, 0.08671357482671738, 0.08031737059354782, 0.07979684323072433, 0.09387539327144623, 0.06716044247150421, 0.07917733490467072, 0.10333210974931717, 0.08699231594800949, 0.07482374459505081, 0.08121524751186371, 0.08363714814186096, 0.07437462359666824, 0.07334837317466736, 0.07095307856798172, 0.07039824873209, 0.08853735774755478, 0.07846910506486893, 0.10634090006351471, 0.07176484912633896, 0.0843784436583519]
Validation Accuracy: [0.7850000262260437, 0.8700000047683716, 0.8859999775886536, 0.8880000114440918, 0.9375, 0.9595000147819519, 0.9605000019073486, 0.9624999761581421, 0.9674999713897705, 0.9610000252723694, 0.9614999890327454, 0.9695000052452087, 0.9679999947547913, 0.9645000100135803, 0.9789999723434448, 0.9704999923706055, 0.9890000224113464, 0.9589999914169312, 0.984499990940094, 0.9739999771118164, 0.9555000066757202, 0.9624999761581421, 0.9760000109672546, 0.9679999947547913, 0.968999981880188, 0.9649999737739563, 0.968999981880188, 0.972000002861023, 0.9825000166893005, 0.9599999785423279, 0.965499997138977, 0.9545000195503235, 0.9700000286102295, 0.9639999866485596]
Validation F1: [0.7526036991018176, 0.8700503019828275, 0.8856069612517273, 0.8878130255810861, 0.9370340023968899, 0.9592408844941456, 0.9602748188759826, 0.9623271668946766, 0.9674039891538719, 0.9607100866006046, 0.9612808614190067, 0.969424283341479, 0.96790762529106, 0.9644554183550883, 0.9790087970890348, 0.970465005061827, 0.989006808309728, 0.958725423031175, 0.9845088759802927, 0.9739538520347075, 0.9551162518782716, 0.9622895759147486, 0.9759687426353709, 0.9678899629524245, 0.9688935759592489, 0.9647905448610797, 0.96890244963747, 0.9719342969910535, 0.9825005593795304, 0.9597347033565025, 0.9653542843856808, 0.9540097416350872, 0.969909379045996, 0.9637811369495375]
Validation Precision: [0.7363588278127896, 0.8787285273582197, 0.8930746021675134, 0.8944625981516227, 0.9434307479194498, 0.963929508958839, 0.9645100257832353, 0.9658008292583904, 0.969841319650882, 0.9670771278808553, 0.9655346421924671, 0.9714284593555278, 0.9701949005150625, 0.9661212414298226, 0.9791106943636831, 0.9714951404606577, 0.9891156462585033, 0.9636551805864367, 0.9845399905229818, 0.9754841132766684, 0.9612123301398966, 0.9664657489769205, 0.9771108886462, 0.9704790568342548, 0.9714936672238652, 0.9700781805259416, 0.9712882825867143, 0.9737573757375737, 0.9827961147763128, 0.9645157990651934, 0.9684852526323685, 0.9626090829941889, 0.9722404399401339, 0.9692226669475458]
Validation Recall: [0.785, 0.87, 0.886, 0.888, 0.9375, 0.9595, 0.9605, 0.9625, 0.9675, 0.961, 0.9615, 0.9695, 0.968, 0.9645, 0.979, 0.9705, 0.989, 0.959, 0.9845, 0.974, 0.9555, 0.9625, 0.976, 0.968, 0.969, 0.965, 0.969, 0.972, 0.9825, 0.96, 0.9655, 0.9545, 0.97, 0.964]
Validation Loss Min: 0.0672
Validation Accuracy Max: 0.9890
Validation F1 Max: 0.9890

--- MODEL CONFIGURATION ---
FIRST LAYER NODES: 64
HIDDEN LAYERS: 2
PATIENCE: 15
MAX EPOCHS: 100
EPOCHS RUN: 33

--- CLASSIFICATION REPORT ---
              precision    recall  f1-score   support

           0       1.00      0.99      0.99       300
           1       0.96      0.99      0.98       200
           2       0.99      0.99      0.99       200
           3       0.98      0.96      0.97       200
           4       0.98      0.99      0.99       100

    accuracy                           0.99      1000
   macro avg       0.98      0.99      0.99      1000
weighted avg       0.99      0.99      0.99      1000

VALIDATION MACRO F1: 0.9842
