PARAMS: {'batch_size': 64, 'learning_rate': 0.001, 'dropout_rate': 0.3, 'n_hidden_layers': 3, 'first_layer_nodes': 256, 'epochs': 100, 'patience': 15}
ACCURACY:  0.9840
F1 SCORE:  0.9840
MACRO F1-SCORE: 0.9820
PRECISION: 0.9843
RECALL:    0.9840
TEST LOSS: 0.0836
Validation Loss: [0.39124029874801636, 0.18659688532352448, 0.11101393401622772, 0.09894593805074692, 0.09182465076446533, 0.0892401784658432, 0.08484921604394913, 0.07979591190814972, 0.07656833529472351, 0.07911202311515808, 0.06663943082094193, 0.08437931537628174, 0.06997570395469666, 0.07281742244958878, 0.07909566909074783, 0.09834139794111252, 0.06923184543848038, 0.11057387292385101, 0.08156788349151611, 0.0922163724899292, 0.0662044957280159, 0.0829019695520401, 0.06839360296726227, 0.07232850044965744, 0.1624182164669037, 0.10024257004261017, 0.06548508256673813, 0.06035216152667999, 0.07094217836856842, 0.07156272977590561, 0.09015646576881409, 0.06527256965637207, 0.06438545882701874, 0.06482689827680588, 0.06974504888057709, 0.0677264928817749, 0.061512239277362823, 0.07232776284217834, 0.07620611041784286, 0.07120881229639053, 0.06288430839776993, 0.1205020472407341, 0.06885706633329391]
Validation Accuracy: [0.8535000085830688, 0.9235000014305115, 0.9794999957084656, 0.9620000123977661, 0.9629999995231628, 0.9614999890327454, 0.9614999890327454, 0.965499997138977, 0.9785000085830688, 0.9660000205039978, 0.9854999780654907, 0.9624999761581421, 0.9745000004768372, 0.968999981880188, 0.9635000228881836, 0.9610000252723694, 0.9739999771118164, 0.9449999928474426, 0.9620000123977661, 0.9610000252723694, 0.9729999899864197, 0.9629999995231628, 0.9710000157356262, 0.9635000228881836, 0.9380000233650208, 0.9574999809265137, 0.9890000224113464, 0.9865000247955322, 0.9704999923706055, 0.965499997138977, 0.9564999938011169, 0.9760000109672546, 0.9779999852180481, 0.9769999980926514, 0.9679999947547913, 0.9714999794960022, 0.9829999804496765, 0.9700000286102295, 0.9679999947547913, 0.9679999947547913, 0.9729999899864197, 0.9505000114440918, 0.9789999723434448]
Validation F1: [0.8529955633300658, 0.9240835700875724, 0.9794858552944995, 0.9619551548109846, 0.9628246649324969, 0.9613350826469096, 0.9612963638230646, 0.9653772448252605, 0.9785081722107412, 0.9658843140107717, 0.9855061125234138, 0.9622609338433846, 0.9744792586521233, 0.9689026230903175, 0.963257602578047, 0.9607112413098237, 0.9739550462218218, 0.944087013037933, 0.96177941055169, 0.9607571996583499, 0.9729470713610162, 0.9627079849158763, 0.9709286764895051, 0.9632701578695639, 0.9367463993304188, 0.9571534753010681, 0.9890075851107049, 0.9865051967903522, 0.970421752588104, 0.965359022431129, 0.9560786132476737, 0.9759785769605429, 0.9779796893840637, 0.9769874788096964, 0.9679113537219327, 0.9714257406250892, 0.9829993353503262, 0.969909379045996, 0.967935189147292, 0.9678943928046758, 0.9729470713610162, 0.9499480439197618, 0.9789875161414734]
Validation Precision: [0.8647155195329896, 0.9410805503376768, 0.980253093478362, 0.9637363524398472, 0.9664929365813484, 0.9645479880677567, 0.9653372753095553, 0.968230118073684, 0.978630635816373, 0.9686304295959467, 0.9855875091325929, 0.9678904399420464, 0.9753547683199079, 0.9723111530685778, 0.9689940129859178, 0.9669537299582409, 0.9753941552761517, 0.9563000428517864, 0.9660859550241194, 0.965266058625567, 0.9745468288580871, 0.9685014264138279, 0.9728737173482969, 0.968861281032562, 0.9501037701175382, 0.9630404046095006, 0.9890423304353654, 0.9865639375678016, 0.9725658098401254, 0.968414720187598, 0.9639583545983464, 0.9768508376411146, 0.9788578031393483, 0.9776292079465543, 0.9701334964957169, 0.9734699768745213, 0.9833324429565258, 0.9722404399401339, 0.9702876120998065, 0.9704163382299348, 0.9745468288580871, 0.9577518175097933, 0.979695758311751]
Validation Recall: [0.8535, 0.9235, 0.9795, 0.962, 0.963, 0.9615, 0.9615, 0.9655, 0.9785, 0.966, 0.9855, 0.9625, 0.9745, 0.969, 0.9635, 0.961, 0.974, 0.945, 0.962, 0.961, 0.973, 0.963, 0.971, 0.9635, 0.938, 0.9575, 0.989, 0.9865, 0.9705, 0.9655, 0.9565, 0.976, 0.978, 0.977, 0.968, 0.9715, 0.983, 0.97, 0.968, 0.968, 0.973, 0.9505, 0.979]
Validation Loss Min: 0.0604
Validation Accuracy Max: 0.9890
Validation F1 Max: 0.9890

--- MODEL CONFIGURATION ---
FIRST LAYER NODES: 256
HIDDEN LAYERS: 3
PATIENCE: 15
MAX EPOCHS: 100
EPOCHS RUN: 42

--- CLASSIFICATION REPORT ---
              precision    recall  f1-score   support

           0       1.00      1.00      1.00       300
           1       0.95      0.99      0.97       200
           2       0.99      0.99      0.99       200
           3       0.98      0.94      0.96       200
           4       0.99      0.99      0.99       100

    accuracy                           0.98      1000
   macro avg       0.98      0.98      0.98      1000
weighted avg       0.98      0.98      0.98      1000

VALIDATION MACRO F1: 0.9863
