PARAMS: {'batch_size': 32, 'learning_rate': 0.01, 'dropout_rate': 0.3, 'n_hidden_layers': 3, 'first_layer_nodes': 256, 'epochs': 100, 'patience': 15}
ACCURACY:  0.9440
F1 SCORE:  0.9436
MACRO F1-SCORE: 0.9420
PRECISION: 0.9503
RECALL:    0.9440
TEST LOSS: 0.1297
Validation Loss: [0.24602913856506348, 0.18689529597759247, 0.18903347849845886, 0.16193921864032745, 0.17873254418373108, 0.12878866493701935, 0.30554765462875366, 0.13239142298698425, 0.2677384316921234, 0.22402386367321014, 0.1423262506723404, 0.16867507994174957, 0.2751135528087616, 0.1305142492055893, 0.14678111672401428, 0.2859632670879364, 0.16310879588127136, 0.12985928356647491, 0.19730937480926514, 0.15990683436393738, 0.4222760498523712]
Validation Accuracy: [0.8999999761581421, 0.9474999904632568, 0.949999988079071, 0.9664999842643738, 0.9150000214576721, 0.9394999742507935, 0.8769999742507935, 0.9595000147819519, 0.9004999995231628, 0.9164999723434448, 0.9434999823570251, 0.9505000114440918, 0.9079999923706055, 0.940500020980835, 0.9355000257492065, 0.8830000162124634, 0.9244999885559082, 0.9365000128746033, 0.9384999871253967, 0.9275000095367432, 0.8934999704360962]
Validation F1: [0.89840320560986, 0.9472114771872727, 0.9499043491061179, 0.9663806134112377, 0.9114958768872211, 0.9385485526840455, 0.8740862700447845, 0.9592736485783155, 0.8945742488728571, 0.9131914156615576, 0.9425736938908074, 0.9499883447843921, 0.9038152691694645, 0.9394344453873491, 0.9340619445561238, 0.8748002921686254, 0.922326211404089, 0.9351328683184165, 0.9372675156255241, 0.9255161997240117, 0.8862319034546459]
Validation Precision: [0.9122668779625371, 0.9480072065016245, 0.952726074329202, 0.9692450056251571, 0.9372095444838601, 0.9508811483637823, 0.8928232806421361, 0.9633971361737944, 0.9300415255123944, 0.9380116267301761, 0.9536020512538645, 0.9581153437157951, 0.9324491880699812, 0.9515024435178463, 0.9488552335934388, 0.9177750153063169, 0.9415315870652727, 0.9494648991482774, 0.9506971527153122, 0.9441317846855946, 0.9264059409268993]
Validation Recall: [0.9, 0.9475, 0.95, 0.9665, 0.915, 0.9395, 0.877, 0.9595, 0.9005, 0.9165, 0.9435, 0.9505, 0.908, 0.9405, 0.9355, 0.883, 0.9245, 0.9365, 0.9385, 0.9275, 0.8935]
Validation Loss Min: 0.1288
Validation Accuracy Max: 0.9665
Validation F1 Max: 0.9664

--- MODEL CONFIGURATION ---
FIRST LAYER NODES: 256
HIDDEN LAYERS: 3
PATIENCE: 15
MAX EPOCHS: 100
EPOCHS RUN: 20

--- CLASSIFICATION REPORT ---
              precision    recall  f1-score   support

           0       1.00      0.99      1.00       300
           1       0.96      0.77      0.85       200
           2       0.99      0.99      0.99       200
           3       0.80      0.97      0.88       200
           4       1.00      0.99      0.99       100

    accuracy                           0.94      1000
   macro avg       0.95      0.94      0.94      1000
weighted avg       0.95      0.94      0.94      1000

VALIDATION MACRO F1: 0.9377
