PARAMS: {'batch_size': 128, 'learning_rate': 0.01, 'dropout_rate': 0.4, 'n_hidden_layers': 3, 'first_layer_nodes': 128, 'epochs': 100, 'patience': 15}
ACCURACY:  0.9440
F1 SCORE:  0.9437
MACRO F1-SCORE: 0.9400
PRECISION: 0.9500
RECALL:    0.9440
TEST LOSS: 0.1513
Validation Loss: [0.4590578079223633, 0.21066036820411682, 0.20308709144592285, 0.1519697904586792, 0.1834525465965271, 0.15328091382980347, 0.18601930141448975, 0.1490880846977234, 0.4177952706813812, 0.1899578869342804, 0.15641720592975616, 0.2515854835510254, 0.20632334053516388, 0.16744288802146912, 0.21189074218273163, 0.19684436917304993, 0.22498883306980133, 0.24808205664157867, 0.19813618063926697, 0.1343991756439209, 0.14832046627998352, 0.20099739730358124, 0.23330138623714447, 0.34043818712234497, 0.3036676347255707, 0.20741009712219238, 0.13874417543411255, 0.3363780379295349, 0.30112385749816895, 0.23935073614120483, 0.2053188532590866, 0.22447308897972107, 0.4053746461868286, 0.16923348605632782, 0.3170335590839386]
Validation Accuracy: [0.8019999861717224, 0.9319999814033508, 0.8960000276565552, 0.921999990940094, 0.9605000019073486, 0.9445000290870667, 0.9585000276565552, 0.9355000257492065, 0.8740000128746033, 0.9070000052452087, 0.9265000224113464, 0.9024999737739563, 0.9160000085830688, 0.9259999990463257, 0.906499981880188, 0.9110000133514404, 0.909500002861023, 0.8920000195503235, 0.9129999876022339, 0.9375, 0.9399999976158142, 0.9269999861717224, 0.9085000157356262, 0.8134999871253967, 0.8899999856948853, 0.9279999732971191, 0.9355000257492065, 0.8734999895095825, 0.8895000219345093, 0.906000018119812, 0.9229999780654907, 0.9049999713897705, 0.8765000104904175, 0.9284999966621399, 0.8920000195503235]
Validation F1: [0.7690841814453467, 0.9317536183616606, 0.8927470081436952, 0.9204397611101244, 0.9603343914371348, 0.9437125963941146, 0.958222942501281, 0.9344071220979393, 0.8387293443438597, 0.9025607357105729, 0.9245126835154805, 0.8972305929643433, 0.9126270996780822, 0.9239104899432558, 0.9017334799315003, 0.9070177607084501, 0.9054439755081714, 0.8845860163521221, 0.909301248844425, 0.9363521431746213, 0.9388623821202882, 0.9248549003996596, 0.9040551071113195, 0.7751584976137297, 0.8816012081751471, 0.9260915961332008, 0.9341718682225731, 0.8679808859348439, 0.881479384702727, 0.9012355305211549, 0.9204522045742283, 0.8998946604762486, 0.8645853503012647, 0.9264938926530504, 0.8840724685488578]
Validation Precision: [0.8490180559827282, 0.9351109141661278, 0.9110117396582761, 0.9339847579421005, 0.9637776779203474, 0.953428574445261, 0.96438093111335, 0.947851131357576, 0.86966481794068, 0.9328222506985212, 0.9426839945032187, 0.930184588146758, 0.9377434718589764, 0.9426764360434368, 0.9327926992584435, 0.9347712307753745, 0.9336557577441722, 0.9258371878463643, 0.9358215956565509, 0.9491029150118749, 0.9516328849971171, 0.9438380709579338, 0.9338131980476133, 0.7471671290577347, 0.9265010571667653, 0.9438351182153408, 0.9485675871647705, 0.9188547348764068, 0.9252492089302666, 0.9323049657560293, 0.9415729743845944, 0.9322756363641475, 0.9221715675100677, 0.94470278488523, 0.927510202480322]
Validation Recall: [0.802, 0.932, 0.896, 0.922, 0.9605, 0.9445, 0.9585, 0.9355, 0.874, 0.907, 0.9265, 0.9025, 0.916, 0.926, 0.9065, 0.911, 0.9095, 0.892, 0.913, 0.9375, 0.94, 0.927, 0.9085, 0.8135, 0.89, 0.928, 0.9355, 0.8735, 0.8895, 0.906, 0.923, 0.905, 0.8765, 0.9285, 0.892]
Validation Loss Min: 0.1344
Validation Accuracy Max: 0.9605
Validation F1 Max: 0.9603

--- MODEL CONFIGURATION ---
FIRST LAYER NODES: 128
HIDDEN LAYERS: 3
PATIENCE: 15
MAX EPOCHS: 100
EPOCHS RUN: 34

--- CLASSIFICATION REPORT ---
              precision    recall  f1-score   support

           0       1.00      0.99      0.99       300
           1       0.96      0.78      0.86       200
           2       0.99      0.99      0.99       200
           3       0.81      0.97      0.88       200
           4       0.97      0.99      0.98       100

    accuracy                           0.94      1000
   macro avg       0.95      0.94      0.94      1000
weighted avg       0.95      0.94      0.94      1000

VALIDATION MACRO F1: 0.9355
