PARAMS: {'batch_size': 32, 'learning_rate': 0.001, 'dropout_rate': 0.2, 'epochs': 100, 'patience': 15}
ACCURACY:  0.9850
F1 SCORE:  0.9845
PRECISION: 0.9851
RECALL:    0.9840
TEST LOSS: 0.0639
Validation Loss: [0.31915542483329773, 0.1476164013147354, 0.11909414827823639, 0.09976084530353546, 0.10666065663099289, 0.08909852802753448, 0.08330077677965164, 0.11965884268283844, 0.08294583112001419, 0.08995985239744186, 0.08011923730373383, 0.07544316351413727, 0.07917892187833786, 0.07777120918035507, 0.10518091917037964, 0.08439643681049347, 0.08691450208425522, 0.08294893056154251, 0.07621131092309952, 0.08178844302892685, 0.07711756974458694, 0.09832533448934555, 0.07469257712364197, 0.08395957946777344, 0.07823889702558517, 0.10330753028392792, 0.13173522055149078, 0.09727706015110016, 0.06819111853837967, 0.10349278151988983, 0.12613314390182495, 0.07596008479595184, 0.07162831723690033, 0.09769957512617111, 0.07350696623325348, 0.07879634946584702, 0.07640928775072098, 0.0782093033194542, 0.07431786507368088, 0.07518809288740158, 0.0725601390004158, 0.07759227603673935, 0.08881046622991562, 0.07441933453083038]
Validation Accuracy: [0.875, 0.9524999856948853, 0.9614999890327454, 0.9664999842643738, 0.9629999995231628, 0.968999981880188, 0.9900000095367432, 0.9559999704360962, 0.972000002861023, 0.9704999923706055, 0.9735000133514404, 0.9754999876022339, 0.9865000247955322, 0.9879999756813049, 0.9649999737739563, 0.9704999923706055, 0.968500018119812, 0.9695000052452087, 0.9764999747276306, 0.9710000157356262, 0.9735000133514404, 0.9589999914169312, 0.9679999947547913, 0.9695000052452087, 0.9739999771118164, 0.9660000205039978, 0.9549999833106995, 0.965499997138977, 0.9789999723434448, 0.9595000147819519, 0.9595000147819519, 0.9750000238418579, 0.9835000038146973, 0.9595000147819519, 0.9645000100135803, 0.9760000109672546, 0.9599999785423279, 0.9745000004768372, 0.9775000214576721, 0.9779999852180481, 0.9785000085830688, 0.9605000019073486, 0.968999981880188, 0.9775000214576721]
Validation F1: [0.8750510581767891, 0.9521255917234391, 0.9612999819309294, 0.9664104420121586, 0.9627870665383128, 0.9689518374369709, 0.9900061519719031, 0.9556866425061035, 0.9719638945088793, 0.9704456372691483, 0.9734832568077283, 0.9754838816124767, 0.9865060142379511, 0.9880061335538761, 0.9647893978449209, 0.9704382536233515, 0.968408968802433, 0.9694285657661298, 0.976484194014851, 0.9709353326004031, 0.9734623904011844, 0.9586385375721223, 0.9678901290075623, 0.9694201929416317, 0.9739711902715145, 0.9658766670972156, 0.9545073567155876, 0.9653805742035376, 0.9789902791402374, 0.9591531285234411, 0.9592685799599153, 0.9749719247268456, 0.9835077286001582, 0.9591531285234411, 0.9644028674575195, 0.9759774299443841, 0.9596673352689994, 0.9744689215827413, 0.977484753409289, 0.9780128011304625, 0.9784919045257697, 0.960181162955906, 0.9689376551673219, 0.9774845064172253]
VALIDATION MACRO F1: [0.8569686596211318, 0.9517947459522947, 0.9609666485975958, 0.9663277321202219, 0.9627043566463758, 0.9688691275450341, 0.9900894159186141, 0.9555205298942109, 0.9720471584555902, 0.9705289012158594, 0.9735665207544393, 0.9755671455591877, 0.9865892781846621, 0.9880893975005872, 0.9648726617916321, 0.9705215175700624, 0.9684922327491442, 0.9695118297128408, 0.976567457961562, 0.9710185965471142, 0.9735456543478953, 0.9587218015188335, 0.9679733929542735, 0.9695034568883429, 0.9740544542182257, 0.9659599310439267, 0.9545906206622987, 0.9654638381502487, 0.9790735430869486, 0.9592363924701524, 0.9591024673480228, 0.9750551886735567, 0.9835909925468693, 0.9592363924701524, 0.9644861314042306, 0.9760606938910952, 0.9597505992157105, 0.9745521855294523, 0.9773186407973965, 0.9780960650771735, 0.9785751684724808, 0.9602644269026172, 0.9683424919165569, 0.9775677703639364]
Validation Precision: [0.883113627541182, 0.9576665773026248, 0.965980891068874, 0.9685156982518703, 0.9678867564464578, 0.9702894670232781, 0.9900669402793612, 0.9606756498559736, 0.9730893594986976, 0.9719465784199617, 0.9741716704949406, 0.9761766767527629, 0.986522790374128, 0.9880157945402716, 0.9700765249105081, 0.9721080885193273, 0.9706244274523733, 0.9712695394297487, 0.977179179881674, 0.9726965005440861, 0.9746665112318242, 0.9658209982669217, 0.9712546272843657, 0.9714480682860873, 0.9749662616464985, 0.9685948490407725, 0.9631000139508453, 0.9679838244553602, 0.979531843963912, 0.9661674986134221, 0.9633248214381863, 0.9759704614835196, 0.9838065262524497, 0.9661674986134221, 0.9671361595820831, 0.9768491820256809, 0.9665154457254611, 0.9755339416225566, 0.9779966699310453, 0.9780361886309206, 0.9789845174074381, 0.9668648486831571, 0.9705498320691347, 0.9781816830105852]
Validation Recall: [0.875, 0.9525, 0.9615, 0.9665, 0.963, 0.969, 0.99, 0.956, 0.972, 0.9705, 0.9735, 0.9755, 0.9865, 0.988, 0.965, 0.9705, 0.9685, 0.9695, 0.9765, 0.971, 0.9735, 0.959, 0.968, 0.9695, 0.974, 0.966, 0.955, 0.9655, 0.979, 0.9595, 0.9595, 0.975, 0.9835, 0.9595, 0.9645, 0.976, 0.96, 0.9745, 0.9775, 0.978, 0.9785, 0.9605, 0.969, 0.9775]
Validation Loss Min: 0.0682
Validation Accuracy Max: 0.9900
Validation F1 Max: 0.9900
VALIDATION MACRO F1 Max: 0.9901

--- MODEL CONFIGURATION ---
PATIENCE: 15
MAX EPOCHS: 100
EPOCHS RUN: 44

--- CLASSIFICATION REPORT ---
              precision    recall  f1-score   support

           0       1.00      1.00      1.00       300
           1       0.96      0.97      0.97       200
           2       1.00      0.99      1.00       200
           3       0.96      0.96      0.96       200
           4       1.00      0.99      0.99       100

    accuracy                           0.98      1000
   macro avg       0.99      0.98      0.98      1000
weighted avg       0.99      0.98      0.99      1000
