PARAMS: {'batch_size': 32, 'learning_rate': 0.01, 'dropout_rate': 0.4, 'n_hidden_layers': 3, 'first_layer_nodes': 128, 'epochs': 100, 'patience': 15}
ACCURACY:  0.9220
F1 SCORE:  0.9208
MACRO F1-SCORE: 0.9220
PRECISION: 0.9336
RECALL:    0.9220
TEST LOSS: 0.1692
Validation Loss: [0.3241426348686218, 0.2927416265010834, 0.2201997935771942, 0.23432853817939758, 0.33412814140319824, 0.2702717185020447, 0.2916998267173767, 0.23726987838745117, 0.5672621726989746, 0.213994562625885, 0.22926943004131317, 0.18876273930072784, 0.34920886158943176, 0.20545460283756256, 0.3964267671108246, 0.31004253029823303, 0.22156491875648499, 0.3183540999889374, 0.1671188771724701, 0.3522372543811798, 0.357637494802475, 0.33585721254348755, 0.3010830581188202, 0.5444727540016174, 0.34365129470825195, 0.3017643988132477, 0.23920343816280365, 0.18484073877334595, 0.18179669976234436, 0.44157105684280396, 0.38606953620910645, 0.26086053252220154, 0.2819250524044037, 0.23606345057487488]
Validation Accuracy: [0.8815000057220459, 0.9039999842643738, 0.9589999914169312, 0.906000018119812, 0.8075000047683716, 0.8725000023841858, 0.8889999985694885, 0.9039999842643738, 0.6919999718666077, 0.9574999809265137, 0.8960000276565552, 0.9259999990463257, 0.8634999990463257, 0.906499981880188, 0.8824999928474426, 0.887499988079071, 0.9004999995231628, 0.8880000114440918, 0.9269999861717224, 0.8799999952316284, 0.8934999704360962, 0.9014999866485596, 0.9075000286102295, 0.8575000166893005, 0.8525000214576721, 0.8895000219345093, 0.9125000238418579, 0.9279999732971191, 0.9110000133514404, 0.8105000257492065, 0.8949999809265137, 0.9595000147819519, 0.9135000109672546, 0.9355000257492065]
Validation F1: [0.8793736379539545, 0.9044461926765592, 0.95882944011816, 0.9023368065155082, 0.7760889025401874, 0.8680449366472524, 0.8804682098376222, 0.8989952001706388, 0.6092755890325829, 0.9572448379917318, 0.8913480905237401, 0.9239465494111644, 0.8549946317373274, 0.9019748933189851, 0.8720353080602334, 0.8791016545714752, 0.895903314640553, 0.8795044974549677, 0.9249610020978146, 0.8703936293918606, 0.886409900453768, 0.8987130613617758, 0.9034372240771721, 0.8434889012968514, 0.8481809393014651, 0.8861058672819244, 0.9091622442320693, 0.928635500828989, 0.9070997334172681, 0.7867467663757474, 0.8899234652958649, 0.9592941980621401, 0.9138198689539232, 0.9351125936955129]
Validation Precision: [0.8911314463145558, 0.93221269296741, 0.9635699500356888, 0.9323613691000697, 0.7986791302580777, 0.9164036082235368, 0.9259054598709769, 0.9309545761878419, 0.5762760112869293, 0.9626441560167297, 0.9224507389162561, 0.9424284854838465, 0.9035048156073447, 0.9320645094125475, 0.9241113950501578, 0.9240258096420129, 0.9265219066398166, 0.9245777060526604, 0.9431708717255892, 0.9197675211815236, 0.9265009917221384, 0.9224522080569502, 0.9316660657654013, 0.907436079870528, 0.8899039318631273, 0.9135703486853556, 0.9356836931165994, 0.943379475972757, 0.9344434211170285, 0.8942761660902175, 0.9227290969846724, 0.9633546324210968, 0.9356245379062065, 0.9479079769479823]
Validation Recall: [0.8815, 0.904, 0.959, 0.906, 0.8075, 0.8725, 0.889, 0.904, 0.692, 0.9575, 0.896, 0.926, 0.8635, 0.9065, 0.8825, 0.8875, 0.9005, 0.888, 0.927, 0.88, 0.8935, 0.9015, 0.9075, 0.8575, 0.8525, 0.8895, 0.9125, 0.928, 0.911, 0.8105, 0.895, 0.9595, 0.9135, 0.9355]
Validation Loss Min: 0.1671
Validation Accuracy Max: 0.9595
Validation F1 Max: 0.9593

--- MODEL CONFIGURATION ---
FIRST LAYER NODES: 128
HIDDEN LAYERS: 3
PATIENCE: 15
MAX EPOCHS: 100
EPOCHS RUN: 33

--- CLASSIFICATION REPORT ---
              precision    recall  f1-score   support

           0       1.00      0.97      0.99       300
           1       0.95      0.69      0.80       200
           2       0.96      0.99      0.98       200
           3       0.75      0.97      0.85       200
           4       1.00      0.99      0.99       100

    accuracy                           0.92      1000
   macro avg       0.93      0.92      0.92      1000
weighted avg       0.93      0.92      0.92      1000

VALIDATION MACRO F1: 0.9245
