PARAMS: {'batch_size': 32, 'learning_rate': 0.01, 'dropout_rate': 0.3, 'n_hidden_layers': 2, 'first_layer_nodes': 64, 'epochs': 100, 'patience': 15}
ACCURACY:  0.9700
F1 SCORE:  0.9700
MACRO F1-SCORE: 0.9680
PRECISION: 0.9705
RECALL:    0.9700
TEST LOSS: 0.1151
Validation Loss: [0.25936394929885864, 0.14977587759494781, 0.27302947640419006, 0.19001437723636627, 0.11018278449773788, 0.09074006974697113, 0.2137058824300766, 0.13395759463310242, 0.1194339394569397, 0.3368057608604431, 0.22976051270961761, 0.17686806619167328, 0.18382245302200317, 0.18116448819637299, 0.12014851719141006, 0.13783077895641327, 0.18433530628681183, 0.12918131053447723, 0.21851590275764465, 0.1818952113389969, 0.09779045730829239]
Validation Accuracy: [0.8895000219345093, 0.9725000262260437, 0.878000020980835, 0.9620000123977661, 0.9735000133514404, 0.9639999866485596, 0.9014999866485596, 0.9430000185966492, 0.9474999904632568, 0.8330000042915344, 0.8665000200271606, 0.9415000081062317, 0.9079999923706055, 0.9054999947547913, 0.9595000147819519, 0.909500002861023, 0.906000018119812, 0.9369999766349792, 0.890500009059906, 0.9200000166893005, 0.9764999747276306]
Validation F1: [0.8878946400989901, 0.972477169286016, 0.8730516790837526, 0.9619946312908564, 0.9735062627709575, 0.9638402880399741, 0.8956336192720233, 0.9423576329215838, 0.9468977854686758, 0.8102007189071039, 0.8513181036694111, 0.9405834809297425, 0.903718635410156, 0.9005667134389264, 0.9592681468244816, 0.9050307426847409, 0.9013284313925911, 0.9359733761259995, 0.8828627135461543, 0.9176286375525774, 0.9764709058162953]
Validation Precision: [0.8984726949759326, 0.9741569632216897, 0.8935333774821566, 0.9655302574251052, 0.9739557824922612, 0.9673578611371109, 0.9313323159402407, 0.9512268667740532, 0.9552690139926413, 0.8951389438920043, 0.9175726085334304, 0.9516605393014316, 0.9328787146392856, 0.9322865432119745, 0.9637199573168059, 0.9369304719859547, 0.931967787114846, 0.9478273886474667, 0.9248996229822002, 0.9399419260845158, 0.9776232704571269]
Validation Recall: [0.8895, 0.9725, 0.878, 0.962, 0.9735, 0.964, 0.9015, 0.943, 0.9475, 0.833, 0.8665, 0.9415, 0.908, 0.9055, 0.9595, 0.9095, 0.906, 0.937, 0.8905, 0.92, 0.9765]
Validation Loss Min: 0.0907
Validation Accuracy Max: 0.9765
Validation F1 Max: 0.9765

--- MODEL CONFIGURATION ---
FIRST LAYER NODES: 64
HIDDEN LAYERS: 2
PATIENCE: 15
MAX EPOCHS: 100
EPOCHS RUN: 20

--- CLASSIFICATION REPORT ---
              precision    recall  f1-score   support

           0       1.00      0.99      0.99       300
           1       0.96      0.92      0.94       200
           2       0.99      0.99      0.99       200
           3       0.92      0.96      0.94       200
           4       0.96      0.99      0.98       100

    accuracy                           0.97      1000
   macro avg       0.97      0.97      0.97      1000
weighted avg       0.97      0.97      0.97      1000

VALIDATION MACRO F1: 0.9631
