PARAMS: {'batch_size': 128, 'learning_rate': 0.001, 'dropout_rate': 0.4, 'n_hidden_layers': 2, 'first_layer_nodes': 64, 'epochs': 100, 'patience': 15}
ACCURACY:  0.9880
F1 SCORE:  0.9880
MACRO F1-SCORE: 0.9860
PRECISION: 0.9883
RECALL:    0.9880
TEST LOSS: 0.0782
Validation Loss: [0.818655788898468, 0.5927456617355347, 0.49400272965431213, 0.42557621002197266, 0.3641950190067291, 0.3080369532108307, 0.2526666224002838, 0.21488907933235168, 0.19358234107494354, 0.16149850189685822, 0.14267830550670624, 0.1343856006860733, 0.1193946823477745, 0.11191415041685104, 0.11281264573335648, 0.10360939055681229, 0.09845854341983795, 0.09854115545749664, 0.08788273483514786, 0.08952662348747253, 0.08964040875434875, 0.0826338604092598, 0.07973828166723251, 0.07689988613128662, 0.08196714520454407, 0.0846664309501648, 0.07458891719579697, 0.08488355576992035, 0.07417462021112442, 0.06986948847770691, 0.07103037089109421, 0.07489392161369324, 0.0772743821144104, 0.07776851207017899, 0.07501694560050964, 0.12277953326702118, 0.08886460214853287, 0.07149111479520798, 0.06874268501996994, 0.06776425242424011, 0.06708230823278427, 0.06828435510396957, 0.07122586667537689, 0.0668497160077095, 0.0686488077044487, 0.06900210678577423, 0.06497116386890411, 0.09263503551483154, 0.07804785668849945, 0.06553561240434647, 0.08212457597255707, 0.06711877137422562, 0.06281466037034988, 0.09626420587301254, 0.06399127095937729, 0.06240027770400047, 0.0648394450545311, 0.060938481241464615, 0.06968151777982712, 0.061880823224782944, 0.07416942715644836, 0.06253625452518463, 0.06157854571938515, 0.07423905283212662, 0.061428193002939224, 0.06727874279022217, 0.05920158699154854, 0.07366196811199188, 0.05637423321604729, 0.056600119918584824, 0.056805938482284546, 0.05889999493956566, 0.06043029576539993, 0.05730829015374184, 0.06675390154123306, 0.06843109428882599, 0.08842524886131287, 0.07895934581756592, 0.06254873424768448, 0.0636422261595726, 0.06107880920171738, 0.06242338940501213, 0.059836819767951965, 0.07200903445482254]
Validation Accuracy: [0.7114999890327454, 0.7860000133514404, 0.7835000157356262, 0.8495000004768372, 0.8700000047683716, 0.8700000047683716, 0.8790000081062317, 0.8899999856948853, 0.9434999823570251, 0.965499997138977, 0.9649999737739563, 0.9610000252723694, 0.9639999866485596, 0.9670000076293945, 0.9580000042915344, 0.965499997138977, 0.9729999899864197, 0.968500018119812, 0.9785000085830688, 0.9679999947547913, 0.9629999995231628, 0.9679999947547913, 0.9735000133514404, 0.9800000190734863, 0.9800000190734863, 0.9629999995231628, 0.9779999852180481, 0.9639999866485596, 0.9794999957084656, 0.9850000143051147, 0.984000027179718, 0.9700000286102295, 0.9704999923706055, 0.9729999899864197, 0.9635000228881836, 0.9549999833106995, 0.9614999890327454, 0.9735000133514404, 0.9735000133514404, 0.9729999899864197, 0.9695000052452087, 0.9750000238418579, 0.9639999866485596, 0.9704999923706055, 0.9729999899864197, 0.9800000190734863, 0.9815000295639038, 0.9585000276565552, 0.9635000228881836, 0.9785000085830688, 0.9629999995231628, 0.9819999933242798, 0.9745000004768372, 0.9599999785423279, 0.9764999747276306, 0.9879999756813049, 0.9750000238418579, 0.9829999804496765, 0.968999981880188, 0.9804999828338623, 0.9664999842643738, 0.9739999771118164, 0.9919999837875366, 0.9645000100135803, 0.972000002861023, 0.9649999737739563, 0.9745000004768372, 0.9645000100135803, 0.9909999966621399, 0.9860000014305115, 0.9819999933242798, 0.9850000143051147, 0.9810000061988831, 0.9804999828338623, 0.9695000052452087, 0.9725000262260437, 0.9639999866485596, 0.9645000100135803, 0.9764999747276306, 0.9794999957084656, 0.9825000166893005, 0.9660000205039978, 0.9794999957084656, 0.9664999842643738]
Validation F1: [0.684749250645662, 0.7528419770545476, 0.7510962246912009, 0.8502186739954309, 0.8702854647834543, 0.8694166481418018, 0.8794968855383813, 0.8893513338165225, 0.9429422603223806, 0.9654059789803915, 0.9648676918297286, 0.9608334089841322, 0.9639648882186372, 0.9668875254151736, 0.9577011632298693, 0.9653562451254074, 0.9729583347148172, 0.9684053488769679, 0.9785108476786891, 0.9679425048406877, 0.9628378476647093, 0.9679100529757172, 0.9734620333028747, 0.9800074347525379, 0.9800073972893365, 0.9628475097446145, 0.9780082713793088, 0.9639574689447428, 0.9794900558863049, 0.9850118175024809, 0.9840040250797077, 0.9699375329611404, 0.970404177715515, 0.972979508824679, 0.963283187539192, 0.9545976805891285, 0.9612814611413444, 0.9734835120936873, 0.9734511566698518, 0.9729457158283332, 0.9693909806034896, 0.9749678173577878, 0.9637689199662232, 0.9704297827974874, 0.9729470713610162, 0.9800074347525379, 0.9814931452362976, 0.9581804328051392, 0.9633258350954763, 0.9784864192963029, 0.9627883380114077, 0.9820072613359536, 0.9744526141313667, 0.9597347033565025, 0.9764681302009226, 0.9880104731555641, 0.9749563909383367, 0.9829945197690608, 0.96890244963747, 0.9804899699788605, 0.9663627149664401, 0.9739486447257959, 0.992006661377661, 0.9643503129136247, 0.9719241325954848, 0.9647905448610797, 0.9744526141313667, 0.9642798990461966, 0.9910069785961144, 0.9860020546926156, 0.9819913345192081, 0.9850033041675296, 0.980988428441714, 0.9804899699788605, 0.9694125891287574, 0.972441346829708, 0.9638077394282482, 0.9643169854310731, 0.9764804822941592, 0.9794862782381324, 0.9825060234326128, 0.9658108568147286, 0.9794862782381324, 0.9663627149664401]
Validation Precision: [0.6840356712911125, 0.7338768432719999, 0.730710585666246, 0.86145173898188, 0.8782727066907318, 0.8787132687844096, 0.8855191424621883, 0.8970340147787236, 0.9530554727603908, 0.968454825045684, 0.9679100324902619, 0.9649599749890955, 0.9654746657902974, 0.969644674610192, 0.962981896227159, 0.9685436007958601, 0.9744138352016474, 0.9716829287008523, 0.9786229608612689, 0.9702075607461118, 0.966252907380896, 0.9702483090906657, 0.974840237960645, 0.9801878774235422, 0.9806340666208605, 0.9661021628992306, 0.9781887260021731, 0.9656335079274083, 0.9800713537762076, 0.985039623846787, 0.9842428730263882, 0.9717765894236482, 0.9739607639789128, 0.9737064812131748, 0.9687349334451314, 0.9610446408928031, 0.9655982215217053, 0.9742361920699112, 0.9749695833954176, 0.9746413587230178, 0.9730455734749598, 0.9761059202631828, 0.9693538676046519, 0.9732572102227275, 0.9745468288580871, 0.9801878774235422, 0.9819902985385611, 0.9636986251042196, 0.9668425720362616, 0.979172508716107, 0.9669583355490106, 0.9821082992736179, 0.9759766998487585, 0.9645157990651934, 0.9775824523768657, 0.9880442194347652, 0.9764008160779613, 0.9834469944988218, 0.9712882825867143, 0.9810852861662642, 0.9694309339350291, 0.975554414049981, 0.9921508124732877, 0.9676627378999315, 0.9748563044769817, 0.9700781805259416, 0.9759766998487585, 0.9697152535196358, 0.9911047030204996, 0.9861660760514694, 0.9824685476066403, 0.9857327754220139, 0.9816380163145039, 0.9810852861662642, 0.9716373190228633, 0.9742226937375178, 0.9677225564133939, 0.9681070053927131, 0.9774378754356507, 0.9801883448838412, 0.9826008858457078, 0.9708086974122961, 0.9801883448838412, 0.9694309339350291]
Validation Recall: [0.7115, 0.786, 0.7835, 0.8495, 0.87, 0.87, 0.879, 0.89, 0.9435, 0.9655, 0.965, 0.961, 0.964, 0.967, 0.958, 0.9655, 0.973, 0.9685, 0.9785, 0.968, 0.963, 0.968, 0.9735, 0.98, 0.98, 0.963, 0.978, 0.964, 0.9795, 0.985, 0.984, 0.97, 0.9705, 0.973, 0.9635, 0.955, 0.9615, 0.9735, 0.9735, 0.973, 0.9695, 0.975, 0.964, 0.9705, 0.973, 0.98, 0.9815, 0.9585, 0.9635, 0.9785, 0.963, 0.982, 0.9745, 0.96, 0.9765, 0.988, 0.975, 0.983, 0.969, 0.9805, 0.9665, 0.974, 0.992, 0.9645, 0.972, 0.965, 0.9745, 0.9645, 0.991, 0.986, 0.982, 0.985, 0.981, 0.9805, 0.9695, 0.9725, 0.964, 0.9645, 0.9765, 0.9795, 0.9825, 0.966, 0.9795, 0.9665]
Validation Loss Min: 0.0564
Validation Accuracy Max: 0.9920
Validation F1 Max: 0.9920

--- MODEL CONFIGURATION ---
FIRST LAYER NODES: 64
HIDDEN LAYERS: 2
PATIENCE: 15
MAX EPOCHS: 100
EPOCHS RUN: 83

--- CLASSIFICATION REPORT ---
              precision    recall  f1-score   support

           0       1.00      1.00      1.00       300
           1       0.96      0.99      0.98       200
           2       0.99      0.99      0.99       200
           3       0.99      0.96      0.97       200
           4       1.00      0.99      0.99       100

    accuracy                           0.99      1000
   macro avg       0.99      0.99      0.99      1000
weighted avg       0.99      0.99      0.99      1000

VALIDATION MACRO F1: 0.9908
