PARAMS: {'batch_size': 128, 'learning_rate': 0.001, 'dropout_rate': 0.4, 'n_hidden_layers': 2, 'first_layer_nodes': 128, 'epochs': 100, 'patience': 15}
ACCURACY:  0.9830
F1 SCORE:  0.9830
MACRO F1-SCORE: 0.9820
PRECISION: 0.9830
RECALL:    0.9830
TEST LOSS: 0.0741
Validation Loss: [0.5835128426551819, 0.4281768798828125, 0.32775214314460754, 0.2525695264339447, 0.2046537697315216, 0.16859985888004303, 0.149786576628685, 0.14905191957950592, 0.11881847679615021, 0.11795109510421753, 0.11731800436973572, 0.0996139645576477, 0.09569400548934937, 0.08607619255781174, 0.08367049694061279, 0.0839327946305275, 0.07941338419914246, 0.07933380454778671, 0.07759100943803787, 0.08357886970043182, 0.0750659704208374, 0.07936542481184006, 0.07476884871721268, 0.07850651443004608, 0.07589739561080933, 0.06935960799455643, 0.08065053075551987, 0.06779608130455017, 0.06931746006011963, 0.08510085195302963, 0.07691603153944016, 0.06774335354566574, 0.07984195649623871, 0.07097311317920685, 0.06975976377725601, 0.07440017908811569, 0.0752139464020729, 0.07519905269145966, 0.06564562767744064, 0.06326304376125336, 0.06211850047111511, 0.07316876202821732, 0.06279237568378448, 0.0630379170179367, 0.06971176713705063, 0.07592296600341797, 0.0708262100815773, 0.07423552125692368, 0.06496227532625198, 0.06331580877304077, 0.06230013445019722, 0.05962842330336571, 0.06115886941552162, 0.10768198221921921, 0.06110329553484917, 0.06272651255130768, 0.0601644441485405, 0.06980988383293152, 0.06193986535072327, 0.06639330089092255, 0.06339007616043091, 0.06427839398384094, 0.06305112689733505, 0.06031924858689308, 0.06440231204032898, 0.07452057301998138, 0.06728150695562363]
Validation Accuracy: [0.7745000123977661, 0.8550000190734863, 0.8665000200271606, 0.9235000014305115, 0.9129999876022339, 0.9520000219345093, 0.9589999914169312, 0.9520000219345093, 0.9704999923706055, 0.9564999938011169, 0.9664999842643738, 0.9605000019073486, 0.9670000076293945, 0.9745000004768372, 0.9745000004768372, 0.968999981880188, 0.9760000109672546, 0.9760000109672546, 0.9725000262260437, 0.9624999761581421, 0.9764999747276306, 0.9639999866485596, 0.9745000004768372, 0.9695000052452087, 0.9754999876022339, 0.9919999837875366, 0.9660000205039978, 0.9804999828338623, 0.9725000262260437, 0.9610000252723694, 0.9649999737739563, 0.9785000085830688, 0.9629999995231628, 0.9714999794960022, 0.9710000157356262, 0.9649999737739563, 0.9710000157356262, 0.965499997138977, 0.984499990940094, 0.9800000190734863, 0.984499990940094, 0.9660000205039978, 0.9909999966621399, 0.9819999933242798, 0.9704999923706055, 0.9645000100135803, 0.9639999866485596, 0.9649999737739563, 0.9745000004768372, 0.9779999852180481, 0.984000027179718, 0.9789999723434448, 0.9769999980926514, 0.9559999704360962, 0.9815000295639038, 0.9825000166893005, 0.9904999732971191, 0.9670000076293945, 0.987500011920929, 0.9714999794960022, 0.984000027179718, 0.9729999899864197, 0.9739999771118164, 0.9819999933242798, 0.972000002861023, 0.9645000100135803, 0.9775000214576721]
Validation F1: [0.7421045522642726, 0.8562496918522252, 0.8662026951251656, 0.9240842978406272, 0.9133021845872867, 0.9520916580382821, 0.9589788277761051, 0.9515430619350905, 0.9704290291180846, 0.9561614573881014, 0.966352483125307, 0.9602884060182345, 0.9669048746556705, 0.9745029846210688, 0.974472368616093, 0.9689214679432646, 0.97599799563909, 0.9759748302014191, 0.972448309264357, 0.9623271668946766, 0.9765077720647757, 0.9638634489033647, 0.9744688767306666, 0.9694097898340028, 0.9754843770413801, 0.9920060005416048, 0.9658619495939776, 0.9805034229539397, 0.972448309264357, 0.96077042569062, 0.9648482623239701, 0.9784854647610309, 0.9627588404813878, 0.971425131260911, 0.9709110169057371, 0.9648482623239701, 0.9709195517093229, 0.9653542843856808, 0.9845052691812896, 0.9799881910337096, 0.984499949839756, 0.9658639528697809, 0.9910069785961144, 0.9820054827926744, 0.9704150624389231, 0.964330213961488, 0.9637811369495375, 0.9648387616430179, 0.9744526141313667, 0.9779796893840637, 0.9839968756273331, 0.9789802455958243, 0.9769745406536665, 0.9555437807322564, 0.9814957889019074, 0.9824945120167227, 0.9905047018053634, 0.9668701525643891, 0.9875090374280963, 0.971426494304492, 0.9839968756273331, 0.9729401089263672, 0.9739486447257959, 0.9819945509985664, 0.9719382942714644, 0.964330213961488, 0.9774771938011638]
Validation Precision: [0.7207885221263726, 0.864295162506183, 0.875747944865592, 0.9278692473543217, 0.9174471882569721, 0.9526737369031609, 0.9602640186271498, 0.9584558823529411, 0.972489656800017, 0.9618127834446918, 0.9707110580895051, 0.9644083375772514, 0.9693041950382038, 0.9748411123318095, 0.9756057245300173, 0.9710674017976251, 0.9764599252679622, 0.9769600817746557, 0.974054242285997, 0.9658008292583904, 0.976715422773374, 0.9668928419704774, 0.975698590823361, 0.9725617012489101, 0.9763127472069048, 0.992022282690619, 0.9688807177940865, 0.9805631267035083, 0.974054242285997, 0.9651557210763947, 0.9681504714023457, 0.9792502765769535, 0.9685014264138279, 0.9744977741514776, 0.9742044572241505, 0.9681504714023457, 0.973969963875207, 0.9684852526323685, 0.9846265187931057, 0.9806358142225162, 0.9847550002034277, 0.9689383473629392, 0.9911047030204996, 0.9821211638768296, 0.9726485549779195, 0.9678616041465868, 0.9692226669475458, 0.9682515340915558, 0.9759766998487585, 0.9788578031393483, 0.9843638814932547, 0.9798612858884651, 0.9779805167729958, 0.9637735347901151, 0.9819532830673394, 0.9828419476243321, 0.9905196079033489, 0.9698273094299782, 0.9875331624587325, 0.9742375302972318, 0.9843638814932547, 0.9747152803096079, 0.975554414049981, 0.9824458696394295, 0.9737067182345638, 0.9678616041465868, 0.9784181955101551]
Validation Recall: [0.7745, 0.855, 0.8665, 0.9235, 0.913, 0.952, 0.959, 0.952, 0.9705, 0.9565, 0.9665, 0.9605, 0.967, 0.9745, 0.9745, 0.969, 0.976, 0.976, 0.9725, 0.9625, 0.9765, 0.964, 0.9745, 0.9695, 0.9755, 0.992, 0.966, 0.9805, 0.9725, 0.961, 0.965, 0.9785, 0.963, 0.9715, 0.971, 0.965, 0.971, 0.9655, 0.9845, 0.98, 0.9845, 0.966, 0.991, 0.982, 0.9705, 0.9645, 0.964, 0.965, 0.9745, 0.978, 0.984, 0.979, 0.977, 0.956, 0.9815, 0.9825, 0.9905, 0.967, 0.9875, 0.9715, 0.984, 0.973, 0.974, 0.982, 0.972, 0.9645, 0.9775]
Validation Loss Min: 0.0596
Validation Accuracy Max: 0.9920
Validation F1 Max: 0.9920

--- MODEL CONFIGURATION ---
FIRST LAYER NODES: 128
HIDDEN LAYERS: 2
PATIENCE: 15
MAX EPOCHS: 100
EPOCHS RUN: 66

--- CLASSIFICATION REPORT ---
              precision    recall  f1-score   support

           0       1.00      1.00      1.00       300
           1       0.96      0.97      0.97       200
           2       0.99      0.99      0.99       200
           3       0.96      0.96      0.96       200
           4       0.99      0.99      0.99       100

    accuracy                           0.98      1000
   macro avg       0.98      0.98      0.98      1000
weighted avg       0.98      0.98      0.98      1000

VALIDATION MACRO F1: 0.9788
