PARAMS: {'batch_size': 64, 'learning_rate': 0.001, 'dropout_rate': 0.3, 'epochs': 100, 'patience': 15}
ACCURACY:  0.9850
F1 SCORE:  0.9847
PRECISION: 0.9851
RECALL:    0.9843
TEST LOSS: 0.0684
Validation Loss: [0.4273987412452698, 0.22543641924858093, 0.15753012895584106, 0.12462035566568375, 0.11077830940485, 0.10887476056814194, 0.09617320448160172, 0.09767535328865051, 0.1009596511721611, 0.09032749384641647, 0.08861763030290604, 0.08542760461568832, 0.1058211699128151, 0.11127448827028275, 0.08021721988916397, 0.08261097222566605, 0.07944916933774948, 0.09140423685312271, 0.1173761859536171, 0.0944361463189125, 0.09764555096626282, 0.08356088399887085, 0.07592467218637466, 0.07915733754634857, 0.07562828063964844, 0.07911601662635803, 0.08326371759176254, 0.07890275120735168, 0.09676723927259445, 0.08325670659542084, 0.08224014937877655, 0.08192086219787598, 0.08583642542362213, 0.08091724663972855, 0.07776916027069092, 0.08355297893285751, 0.10285690426826477, 0.0746612548828125, 0.07271303981542587, 0.08412821590900421, 0.09059607237577438, 0.11702916771173477, 0.08652488142251968, 0.07832864671945572, 0.09466997534036636, 0.11011452227830887, 0.08264177292585373, 0.10712355375289917, 0.07780927419662476, 0.07830989360809326, 0.07802422344684601, 0.08931400626897812, 0.07420429587364197, 0.07601479440927505]
Validation Accuracy: [0.8600000143051147, 0.8855000138282776, 0.9555000066757202, 0.9649999737739563, 0.9605000019073486, 0.9635000228881836, 0.9754999876022339, 0.9589999914169312, 0.9639999866485596, 0.9704999923706055, 0.987500011920929, 0.9764999747276306, 0.9589999914169312, 0.9595000147819519, 0.9804999828338623, 0.972000002861023, 0.9794999957084656, 0.968999981880188, 0.9589999914169312, 0.9670000076293945, 0.9664999842643738, 0.9754999876022339, 0.9779999852180481, 0.9739999771118164, 0.9810000061988831, 0.9735000133514404, 0.9725000262260437, 0.9760000109672546, 0.9664999842643738, 0.9750000238418579, 0.9735000133514404, 0.9725000262260437, 0.9595000147819519, 0.9739999771118164, 0.9764999747276306, 0.9599999785423279, 0.9589999914169312, 0.9769999980926514, 0.9810000061988831, 0.9589999914169312, 0.9679999947547913, 0.9585000276565552, 0.9649999737739563, 0.9785000085830688, 0.968999981880188, 0.9595000147819519, 0.9750000238418579, 0.9649999737739563, 0.9760000109672546, 0.9894999861717224, 0.9810000061988831, 0.9700000286102295, 0.9815000295639038, 0.9869999885559082]
Validation F1: [0.8590590391551267, 0.8848021126960784, 0.9553718465429586, 0.9649130128661575, 0.9603363720563499, 0.9634044990524744, 0.9755076540874973, 0.9586535438049709, 0.9638817430912855, 0.9704633845128258, 0.9875072341528331, 0.9764905007740374, 0.9588791939616215, 0.9591677505505292, 0.9805021939553631, 0.9719577241264878, 0.9795002858314493, 0.9689317032905976, 0.9586385375721223, 0.9669193779671782, 0.9663940356517391, 0.9754838816124767, 0.9780129613942746, 0.9739711902715145, 0.9810009507561588, 0.973473471736723, 0.9724672649962472, 0.9759860943855333, 0.9664135919406833, 0.9750132091905148, 0.9734680932894941, 0.9724613649910202, 0.9591531285234411, 0.9739711902715145, 0.976484194014851, 0.9596673352689994, 0.9586385375721223, 0.9769900854925077, 0.9810009507561588, 0.9586385375721223, 0.9679213236580938, 0.9581235572555014, 0.9648169369320359, 0.9784884918647998, 0.968923392263178, 0.9591531285234411, 0.9749666703416291, 0.9648619476243632, 0.9759819082411251, 0.9895059511006191, 0.9810009507561588, 0.9699485203396032, 0.9814996926283086, 0.9870049748902409]
VALIDATION MACRO F1: [0.8417220110948334, 0.8709314570578937, 0.9551220550500478, 0.9645821670950131, 0.9602536621644131, 0.9630736532813302, 0.9754249441955605, 0.9585708339130342, 0.9635508973201411, 0.9703806746208888, 0.9874245242608961, 0.9764077908821005, 0.9589624579083326, 0.9590850406585922, 0.9805854579020743, 0.9720409880731988, 0.9795835497781604, 0.9690149672373087, 0.9587218015188335, 0.9667532653552856, 0.9664772995984503, 0.9755671455591877, 0.9780962253409857, 0.9740544542182257, 0.9810842147028698, 0.9735567356834341, 0.9725505289429582, 0.9760693583322443, 0.9664968558873944, 0.9750964731372257, 0.9735513572362052, 0.9725446289377313, 0.9592363924701524, 0.9740544542182257, 0.976567457961562, 0.9597505992157105, 0.9587218015188335, 0.9770733494392185, 0.9810842147028698, 0.9587218015188335, 0.9680045876048048, 0.9582068212022126, 0.964900200878747, 0.978571755811511, 0.969006656209889, 0.9592363924701524, 0.9750499342883401, 0.9649452115710743, 0.9760651721878363, 0.9895892150473301, 0.9810842147028698, 0.9700317842863141, 0.9815829565750196, 0.987088238836952]
Validation Precision: [0.8700884266120792, 0.8931519294899211, 0.9582922156398472, 0.9667777652388626, 0.9641097000378227, 0.9653493054239827, 0.9756252809000968, 0.9656691542288559, 0.9663268233747724, 0.971586046731114, 0.9877733221960614, 0.9770302233097912, 0.9616611106924, 0.9660171013408947, 0.980693263488654, 0.9732297838421836, 0.9797530324586475, 0.9706793763939979, 0.9658209982669217, 0.9687002892059142, 0.968795186020998, 0.9761766767527629, 0.9780530204989439, 0.9749662616464985, 0.9812219868731681, 0.9744012003955108, 0.9735247862955357, 0.9766253502391332, 0.9684176888265869, 0.9751587020571802, 0.9745293639590461, 0.9736611392065204, 0.9661674986134221, 0.9749662616464985, 0.977179179881674, 0.9665154457254611, 0.9658209982669217, 0.9775285676943576, 0.9812219868731681, 0.9658209982669217, 0.9698432864773142, 0.9654759356811952, 0.9694931514552041, 0.9790798030150881, 0.9708528782291637, 0.9661674986134221, 0.9761042646477491, 0.9677945662571745, 0.9767327568293844, 0.9895300111870976, 0.9812219868731681, 0.971365856453479, 0.981753157310386, 0.9875218345720835]
Validation Recall: [0.86, 0.8855, 0.9555, 0.965, 0.9605, 0.9635, 0.9755, 0.959, 0.964, 0.9705, 0.9875, 0.9765, 0.959, 0.9595, 0.9805, 0.972, 0.9795, 0.969, 0.959, 0.967, 0.9665, 0.9755, 0.978, 0.974, 0.981, 0.9735, 0.9725, 0.976, 0.9665, 0.975, 0.9735, 0.9725, 0.9595, 0.974, 0.9765, 0.96, 0.959, 0.977, 0.981, 0.959, 0.968, 0.9585, 0.965, 0.9785, 0.969, 0.9595, 0.975, 0.965, 0.976, 0.9895, 0.981, 0.97, 0.9815, 0.987]
Validation Loss Min: 0.0727
Validation Accuracy Max: 0.9895
Validation F1 Max: 0.9895
VALIDATION MACRO F1 Max: 0.9896

--- MODEL CONFIGURATION ---
PATIENCE: 15
MAX EPOCHS: 100
EPOCHS RUN: 54

--- CLASSIFICATION REPORT ---
              precision    recall  f1-score   support

           0       1.00      1.00      1.00       300
           1       0.96      0.97      0.97       200
           2       0.99      0.99      0.99       200
           3       0.97      0.96      0.97       200
           4       1.00      0.99      0.99       100

    accuracy                           0.98      1000
   macro avg       0.99      0.98      0.98      1000
weighted avg       0.99      0.98      0.99      1000
