PARAMS: {'batch_size': 64, 'learning_rate': 0.01, 'dropout_rate': 0.2, 'n_hidden_layers': 3, 'first_layer_nodes': 256, 'epochs': 100, 'patience': 15}
ACCURACY:  0.9740
F1 SCORE:  0.9740
MACRO F1-SCORE: 0.9740
PRECISION: 0.9742
RECALL:    0.9740
TEST LOSS: 0.1003
Validation Loss: [0.17867377400398254, 0.13729918003082275, 0.1422913521528244, 0.15630310773849487, 0.09114747494459152, 0.13408097624778748, 0.12390990555286407, 0.1402301788330078, 0.0922975018620491, 0.12826815247535706, 0.09976894408464432, 0.21815457940101624, 0.12097705155611038, 0.14140217006206512, 0.14067097008228302, 0.11365319788455963, 0.07705476880073547, 0.11248324811458588, 0.08984128385782242, 0.09166515618562698, 0.1475018411874771, 0.13496457040309906, 0.1255781650543213, 0.15363505482673645, 0.27588456869125366, 0.08554205298423767, 0.07564442604780197, 0.10525288432836533, 0.12090089172124863, 0.13583806157112122, 0.12659713625907898, 0.191908597946167, 0.1252439320087433, 0.16648846864700317, 0.19188934564590454, 0.09862321615219116, 0.15070582926273346, 0.09852046519517899, 0.11931328475475311, 0.20768079161643982, 0.1799035221338272, 0.20793895423412323]
Validation Accuracy: [0.8920000195503235, 0.9390000104904175, 0.9555000066757202, 0.9359999895095825, 0.9624999761581421, 0.9384999871253967, 0.9585000276565552, 0.9394999742507935, 0.9624999761581421, 0.9539999961853027, 0.9610000252723694, 0.8949999809265137, 0.9490000009536743, 0.9434999823570251, 0.9539999961853027, 0.9559999704360962, 0.9610000252723694, 0.9555000066757202, 0.972000002861023, 0.9574999809265137, 0.9505000114440918, 0.9514999985694885, 0.9520000219345093, 0.9415000081062317, 0.9139999747276306, 0.9614999890327454, 0.9695000052452087, 0.9549999833106995, 0.9465000033378601, 0.9520000219345093, 0.9470000267028809, 0.9399999976158142, 0.9570000171661377, 0.9375, 0.9424999952316284, 0.9574999809265137, 0.9474999904632568, 0.9574999809265137, 0.9559999704360962, 0.9194999933242798, 0.9390000104904175, 0.9380000233650208]
Validation F1: [0.8912251909684947, 0.9378547679995236, 0.9551128262372011, 0.9348717049577344, 0.9624436861509276, 0.9372675156255241, 0.9583111264434727, 0.9385913315775894, 0.962278172648349, 0.9536891757050449, 0.9607290315105047, 0.888413526202135, 0.9486475229611866, 0.9426314196378802, 0.9535470266661712, 0.9556452445685816, 0.9607637060247389, 0.9553448988656715, 0.9719433974193625, 0.9571921469028373, 0.9500345703840548, 0.9509388271386431, 0.9515029294090798, 0.940494076343246, 0.9103611538444566, 0.9612568876677222, 0.96941941735361, 0.9545793868015917, 0.9457498201896953, 0.9518870321776508, 0.946325033753008, 0.9389047194463339, 0.9566595256897715, 0.9362132526430118, 0.9415741997105549, 0.9573181395877107, 0.9467953485659963, 0.9571883259749067, 0.9556313084628664, 0.9166920607822258, 0.9378435940390271, 0.936780199571079]
Validation Precision: [0.8991672217951896, 0.9502807370062964, 0.9614021342892202, 0.948421200381503, 0.9642706719651557, 0.9506971527153122, 0.9627103268478245, 0.9501446438267549, 0.9665785415962096, 0.9602232274027681, 0.9657302537899555, 0.927748301680964, 0.9569505121981792, 0.9531888341543513, 0.9605418656470637, 0.9616383976903644, 0.9660790220112254, 0.9606241576128692, 0.9737349602351034, 0.9624398682074289, 0.9582759642454388, 0.9589461109420397, 0.9587217932628619, 0.9520557140459809, 0.9366787518341666, 0.9658235321090402, 0.9715551353000393, 0.9612487785689058, 0.9554086318203475, 0.9591773528143258, 0.9552006257048273, 0.9511844576012356, 0.962370391888877, 0.949792391832676, 0.9526094646817745, 0.9628885993355888, 0.9560764586395473, 0.9626140416432531, 0.9616447088686912, 0.9396455548345231, 0.950551840392218, 0.9499236436801575]
Validation Recall: [0.892, 0.939, 0.9555, 0.936, 0.9625, 0.9385, 0.9585, 0.9395, 0.9625, 0.954, 0.961, 0.895, 0.949, 0.9435, 0.954, 0.956, 0.961, 0.9555, 0.972, 0.9575, 0.9505, 0.9515, 0.952, 0.9415, 0.914, 0.9615, 0.9695, 0.955, 0.9465, 0.952, 0.947, 0.94, 0.957, 0.9375, 0.9425, 0.9575, 0.9475, 0.9575, 0.956, 0.9195, 0.939, 0.938]
Validation Loss Min: 0.0756
Validation Accuracy Max: 0.9720
Validation F1 Max: 0.9719

--- MODEL CONFIGURATION ---
FIRST LAYER NODES: 256
HIDDEN LAYERS: 3
PATIENCE: 15
MAX EPOCHS: 100
EPOCHS RUN: 41

--- CLASSIFICATION REPORT ---
              precision    recall  f1-score   support

           0       1.00      0.98      0.99       300
           1       0.96      0.94      0.95       200
           2       0.98      0.99      0.99       200
           3       0.94      0.96      0.95       200
           4       0.99      0.99      0.99       100

    accuracy                           0.97      1000
   macro avg       0.97      0.97      0.97      1000
weighted avg       0.97      0.97      0.97      1000

VALIDATION MACRO F1: 0.9691
