PARAMS: {'batch_size': 64, 'learning_rate': 0.001, 'dropout_rate': 0.2, 'epochs': 100, 'patience': 15}
ACCURACY:  0.9870
F1 SCORE:  0.9865
PRECISION: 0.9871
RECALL:    0.9860
TEST LOSS: 0.0606
Validation Loss: [0.4398670792579651, 0.20894446969032288, 0.13585354387760162, 0.1283341646194458, 0.09741652756929398, 0.09387686848640442, 0.08540686219930649, 0.08231773227453232, 0.0832124575972557, 0.0774029865860939, 0.07734642177820206, 0.0944623351097107, 0.08390433341264725, 0.07332442700862885, 0.07354441285133362, 0.07317312806844711, 0.0794248953461647, 0.10756140202283859, 0.11339560151100159, 0.07130375504493713, 0.09960927069187164, 0.08298246562480927, 0.07254817336797714, 0.07925932109355927, 0.08255624026060104, 0.07633020728826523, 0.07333214581012726, 0.08782079815864563, 0.06831203401088715, 0.07246154546737671, 0.07550713419914246, 0.07410513609647751, 0.06944050639867783, 0.0667223259806633, 0.10088876634836197, 0.06677303463220596, 0.08173289149999619, 0.08839168399572372, 0.06671776622533798, 0.06421602517366409, 0.07692211866378784, 0.07100415229797363, 0.0684661865234375, 0.06562425941228867, 0.06595850735902786, 0.07119335979223251, 0.06709685921669006, 0.06671776622533798, 0.070478655397892, 0.0678018182516098, 0.07073067128658295, 0.08126716315746307, 0.07168404757976532, 0.09189341217279434, 0.08208710700273514]
Validation Accuracy: [0.7994999885559082, 0.9294999837875366, 0.9599999785423279, 0.9514999985694885, 0.9635000228881836, 0.9704999923706055, 0.9745000004768372, 0.9865000247955322, 0.9725000262260437, 0.9815000295639038, 0.984000027179718, 0.9664999842643738, 0.9704999923706055, 0.9810000061988831, 0.9779999852180481, 0.9769999980926514, 0.9729999899864197, 0.9629999995231628, 0.9585000276565552, 0.9815000295639038, 0.9585000276565552, 0.9710000157356262, 0.9750000238418579, 0.9725000262260437, 0.9704999923706055, 0.9639999866485596, 0.9750000238418579, 0.968500018119812, 0.9825000166893005, 0.9754999876022339, 0.9599999785423279, 0.9660000205039978, 0.9775000214576721, 0.9794999957084656, 0.9639999866485596, 0.9815000295639038, 0.9704999923706055, 0.9674999713897705, 0.9789999723434448, 0.9819999933242798, 0.9725000262260437, 0.9754999876022339, 0.9769999980926514, 0.984000027179718, 0.9800000190734863, 0.9639999866485596, 0.9789999723434448, 0.9894999861717224, 0.9674999713897705, 0.9815000295639038, 0.9760000109672546, 0.9695000052452087, 0.9754999876022339, 0.9664999842643738, 0.9674999713897705]
Validation F1: [0.7674930402921235, 0.9298529988403447, 0.9598487683433166, 0.9510406851156836, 0.9632974847939804, 0.9704502803376479, 0.9744835692101025, 0.9865079382495738, 0.9724672649962472, 0.9815037116175857, 0.9840060441541786, 0.9664040221821019, 0.9704526572830969, 0.9810009507561588, 0.9779935289004303, 0.9769863317935377, 0.9729648197864625, 0.9628292096842509, 0.9581235572555014, 0.9815018130886103, 0.9581235572555014, 0.970949865056118, 0.9749768737326237, 0.9724551275384088, 0.9704382536233515, 0.9637970695124507, 0.9749768737326237, 0.9684179926079822, 0.9825014322218574, 0.9754794697294709, 0.9596673352689994, 0.9658355455742843, 0.9774883263158489, 0.979491935757226, 0.9638461415874842, 0.9814973501010986, 0.9704456372691483, 0.9674064954922673, 0.9789902791402374, 0.9819984242414721, 0.9724551275384088, 0.975474759260864, 0.9769822987745937, 0.9840033681000319, 0.979993466441419, 0.9639063742686956, 0.9789902791402374, 0.9895059511006191, 0.9673829323211449, 0.9814973501010986, 0.9759774299443841, 0.9694201929416317, 0.975474759260864, 0.9663940356517391, 0.9674064954922673]
VALIDATION MACRO F1: [0.6679107512361503, 0.9183529988403446, 0.9596814057236116, 0.9511239490623946, 0.9632147749020434, 0.970367570445711, 0.9745668331568135, 0.986425228357637, 0.9725505289429582, 0.9815869755642964, 0.9840893081008897, 0.966487286128813, 0.9705359212298081, 0.9810842147028698, 0.9780767928471412, 0.9770695957402488, 0.9730480837331736, 0.962912473630962, 0.9582068212022126, 0.9815850770353212, 0.9582068212022126, 0.9710331290028291, 0.9750601376793349, 0.9725383914851198, 0.9705215175700624, 0.9638803334591618, 0.9750601376793349, 0.9685012565546934, 0.9825846961685685, 0.9755627336761818, 0.9597505992157105, 0.9659188095209954, 0.9775715902625599, 0.9795751997039371, 0.9639294055341953, 0.9815806140478095, 0.9705289012158594, 0.9674897594389785, 0.9790735430869486, 0.9820816881881832, 0.9725383914851198, 0.9755580232075751, 0.977065562721305, 0.9840866320467428, 0.9800767303881301, 0.9639896382154067, 0.9790735430869486, 0.9895892150473301, 0.9674661962678559, 0.9815806140478095, 0.9760606938910952, 0.9695034568883429, 0.9755580232075751, 0.9664772995984503, 0.9674897594389785]
Validation Precision: [0.7422188411595291, 0.932865069961634, 0.9634111599654412, 0.9575850913380857, 0.9682545615726265, 0.9718741728707223, 0.9751741736238517, 0.986708735534032, 0.9735247862955357, 0.9816419511681667, 0.9840515583918511, 0.968601955542261, 0.9717940296102188, 0.9812219868731681, 0.9784397145864254, 0.9776275523311205, 0.9740943278817148, 0.9662132652038111, 0.9654759356811952, 0.9816929889073903, 0.9654759356811952, 0.9723725172552887, 0.9758456992765643, 0.9738064660149672, 0.9721080885193273, 0.9687529059571928, 0.9758456992765643, 0.9704379417995872, 0.9826927143261268, 0.9762882682327452, 0.9665154457254611, 0.970239646214395, 0.978077889247217, 0.9799858925793344, 0.9670007367316328, 0.9818224746326069, 0.9719465784199617, 0.9696131914973172, 0.979531843963912, 0.9822867959827195, 0.9738064660149672, 0.9764088701451162, 0.977735573730793, 0.9841181359203066, 0.9804419643052106, 0.9665247740402966, 0.979531843963912, 0.9895300111870976, 0.9708662018933611, 0.9818224746326069, 0.9768491820256809, 0.9714480682860873, 0.9764088701451162, 0.968795186020998, 0.9696131914973172]
Validation Recall: [0.7995, 0.9295, 0.96, 0.9515, 0.9635, 0.9705, 0.9745, 0.9865, 0.9725, 0.9815, 0.984, 0.9665, 0.9705, 0.981, 0.978, 0.977, 0.973, 0.963, 0.9585, 0.9815, 0.9585, 0.971, 0.975, 0.9725, 0.9705, 0.964, 0.975, 0.9685, 0.9825, 0.9755, 0.96, 0.966, 0.9775, 0.9795, 0.964, 0.9815, 0.9705, 0.9675, 0.979, 0.982, 0.9725, 0.9755, 0.977, 0.984, 0.98, 0.964, 0.979, 0.9895, 0.9675, 0.9815, 0.976, 0.9695, 0.9755, 0.9665, 0.9675]
Validation Loss Min: 0.0642
Validation Accuracy Max: 0.9895
Validation F1 Max: 0.9895
VALIDATION MACRO F1 Max: 0.9896

--- MODEL CONFIGURATION ---
PATIENCE: 15
MAX EPOCHS: 100
EPOCHS RUN: 55

--- CLASSIFICATION REPORT ---
              precision    recall  f1-score   support

           0       1.00      1.00      1.00       300
           1       0.97      0.97      0.97       200
           2       1.00      0.99      1.00       200
           3       0.97      0.97      0.97       200
           4       1.00      0.99      0.99       100

    accuracy                           0.99      1000
   macro avg       0.99      0.99      0.99      1000
weighted avg       0.99      0.99      0.99      1000
