PARAMS: {'batch_size': 64, 'learning_rate': 0.01, 'dropout_rate': 0.3, 'n_hidden_layers': 3, 'first_layer_nodes': 64, 'epochs': 100, 'patience': 15}
ACCURACY:  0.9760
F1 SCORE:  0.9760
MACRO F1-SCORE: 0.9720
PRECISION: 0.9760
RECALL:    0.9760
TEST LOSS: 0.1134
Validation Loss: [0.32545188069343567, 0.2411462664604187, 0.18112652003765106, 0.1835447996854782, 0.15726201236248016, 0.19333556294441223, 0.16555988788604736, 0.15768107771873474, 0.19392406940460205, 0.1496911197900772, 0.22445429861545563, 0.14002875983715057, 0.14207476377487183, 0.11821656674146652, 0.22100135684013367, 0.17696909606456757, 0.15501654148101807, 0.15425445139408112, 0.2253577560186386, 0.15866002440452576, 0.17451605200767517, 0.10790938138961792, 0.19016988575458527, 0.11385426670312881, 0.179549902677536, 0.19164679944515228, 0.13270992040634155, 0.1763068586587906, 0.10503456741571426, 0.17146293818950653, 0.16115951538085938, 0.18170705437660217, 0.26405030488967896, 0.24902859330177307, 0.17511337995529175, 0.160958394408226, 0.2099241018295288, 0.19514204561710358, 0.1502356380224228, 0.18907947838306427, 0.20330753922462463, 0.16625317931175232, 0.2663722634315491, 0.20237644016742706]
Validation Accuracy: [0.7960000038146973, 0.8815000057220459, 0.921999990940094, 0.9244999885559082, 0.9480000138282776, 0.9010000228881836, 0.9474999904632568, 0.9380000233650208, 0.9004999995231628, 0.9399999976158142, 0.890999972820282, 0.953000009059906, 0.9549999833106995, 0.9564999938011169, 0.902999997138977, 0.9319999814033508, 0.9325000047683716, 0.9150000214576721, 0.9100000262260437, 0.9304999709129333, 0.9265000224113464, 0.9580000042915344, 0.9089999794960022, 0.9524999856948853, 0.9070000052452087, 0.9085000157356262, 0.9430000185966492, 0.9265000224113464, 0.9729999899864197, 0.9399999976158142, 0.9290000200271606, 0.9129999876022339, 0.8914999961853027, 0.8949999809265137, 0.9290000200271606, 0.9254999756813049, 0.9265000224113464, 0.9294999837875366, 0.9359999895095825, 0.9319999814033508, 0.9284999966621399, 0.9369999766349792, 0.9135000109672546, 0.9294999837875366]
Validation F1: [0.7615090451203155, 0.8804381697089101, 0.9223433196652973, 0.9251384602137623, 0.9474188775338626, 0.8953377605285507, 0.9472229383604295, 0.9370468589869938, 0.8947673314681396, 0.9392916404629243, 0.8834194086973348, 0.9525322926394502, 0.9548873005373771, 0.9561249818926845, 0.8977313250479366, 0.9303362639063192, 0.9317585630602074, 0.9114958768872211, 0.9058705014635096, 0.9286253525361635, 0.924307142060721, 0.9578129295813331, 0.9046330767772699, 0.9520411068551122, 0.9022322420281595, 0.9043762679258559, 0.9421034899813892, 0.9244119543086269, 0.9729656730814011, 0.9389364959770035, 0.9272858061643641, 0.9093731370065449, 0.8840130534776183, 0.8879182314751388, 0.9269926547497096, 0.9232656102157062, 0.9245126835154805, 0.9275830469976065, 0.9347099257378516, 0.9302940145389625, 0.926587950668452, 0.9357144905463526, 0.909869864117704, 0.9275375785371508]
Validation Precision: [0.8336817658711502, 0.8899540111144185, 0.9406870700101736, 0.9425460753019202, 0.9560425845702888, 0.9302430406124713, 0.9552687032700484, 0.9499445136698141, 0.9295533364020582, 0.9514055351870478, 0.9261532324058919, 0.9597027239465358, 0.9608148714031067, 0.9623195325350247, 0.9306845881467579, 0.9465636469207991, 0.9464033221067574, 0.9372095444838601, 0.9342505281721087, 0.9460687148063825, 0.9435517190177186, 0.961452658296555, 0.9340700644878487, 0.9596443949396728, 0.9332852858305337, 0.9327893362941801, 0.9529466101851224, 0.9430577309393162, 0.9737383239834726, 0.951014710015432, 0.9444191638919717, 0.9356031380523738, 0.9251481257696098, 0.9278658722395273, 0.9451953714573201, 0.9426806282839616, 0.9426839945032187, 0.9452840435956836, 0.9486299270581444, 0.9467543295832929, 0.9443133582918591, 0.9492998052605859, 0.9360860898537842, 0.9454855180009895]
Validation Recall: [0.796, 0.8815, 0.922, 0.9245, 0.948, 0.901, 0.9475, 0.938, 0.9005, 0.94, 0.891, 0.953, 0.955, 0.9565, 0.903, 0.932, 0.9325, 0.915, 0.91, 0.9305, 0.9265, 0.958, 0.909, 0.9525, 0.907, 0.9085, 0.943, 0.9265, 0.973, 0.94, 0.929, 0.913, 0.8915, 0.895, 0.929, 0.9255, 0.9265, 0.9295, 0.936, 0.932, 0.9285, 0.937, 0.9135, 0.9295]
Validation Loss Min: 0.1050
Validation Accuracy Max: 0.9730
Validation F1 Max: 0.9730

--- MODEL CONFIGURATION ---
FIRST LAYER NODES: 64
HIDDEN LAYERS: 3
PATIENCE: 15
MAX EPOCHS: 100
EPOCHS RUN: 43

--- CLASSIFICATION REPORT ---
              precision    recall  f1-score   support

           0       1.00      1.00      1.00       300
           1       0.95      0.96      0.95       200
           2       1.00      0.99      0.99       200
           3       0.95      0.94      0.94       200
           4       0.97      0.99      0.98       100

    accuracy                           0.98      1000
   macro avg       0.97      0.97      0.97      1000
weighted avg       0.98      0.98      0.98      1000

VALIDATION MACRO F1: 0.9718
