PARAMS: {'batch_size': 32, 'learning_rate': 0.001, 'dropout_rate': 0.3, 'epochs': 100, 'patience': 15}
ACCURACY:  0.9820
F1 SCORE:  0.9812
PRECISION: 0.9810
RECALL:    0.9813
TEST LOSS: 0.0709
Validation Loss: [0.31576526165008545, 0.15466007590293884, 0.11402956396341324, 0.13736018538475037, 0.1277575045824051, 0.09003520011901855, 0.09610657393932343, 0.09433389455080032, 0.08551658689975739, 0.08132115006446838, 0.13478639721870422, 0.07650887966156006, 0.103580541908741, 0.09985967725515366, 0.07663211226463318, 0.07580194622278214, 0.08176816254854202, 0.10119949281215668, 0.12755312025547028, 0.0773632675409317, 0.07591288536787033, 0.07474870979785919, 0.07466869056224823, 0.08572933822870255, 0.10053347051143646, 0.09509957581758499, 0.07413657009601593, 0.0799189880490303, 0.08364412188529968, 0.07468970119953156, 0.07499874383211136, 0.07861113548278809, 0.07757216691970825, 0.07938884198665619, 0.08185508847236633, 0.07873209565877914, 0.07723667472600937, 0.0780855342745781, 0.07783443480730057, 0.07735969126224518, 0.07790843397378922, 0.09204225987195969]
Validation Accuracy: [0.9010000228881836, 0.9484999775886536, 0.9605000019073486, 0.9455000162124634, 0.9524999856948853, 0.9745000004768372, 0.965499997138977, 0.9635000228881836, 0.9695000052452087, 0.9595000147819519, 0.9430000185966492, 0.9739999771118164, 0.9649999737739563, 0.9629999995231628, 0.9865000247955322, 0.9785000085830688, 0.9764999747276306, 0.9585000276565552, 0.9514999985694885, 0.9789999723434448, 0.9854999780654907, 0.9804999828338623, 0.9775000214576721, 0.9745000004768372, 0.9645000100135803, 0.9679999947547913, 0.9789999723434448, 0.9645000100135803, 0.9745000004768372, 0.9815000295639038, 0.9779999852180481, 0.9645000100135803, 0.9745000004768372, 0.9735000133514404, 0.972000002861023, 0.9674999713897705, 0.9750000238418579, 0.9769999980926514, 0.9639999866485596, 0.9810000061988831, 0.9779999852180481, 0.965499997138977]
Validation F1: [0.901478525136571, 0.9484096992731359, 0.9603212200231728, 0.9447991973244462, 0.9521042502333296, 0.9744862722590586, 0.9654081067776649, 0.9633149884960532, 0.9694514221554411, 0.9591531285234411, 0.9419372557988323, 0.9739856195695245, 0.9648734556928137, 0.9628422822782723, 0.9865051115862282, 0.9784950570352849, 0.9764918420628571, 0.9581235572555014, 0.9508700289885342, 0.978996462419766, 0.9855046084874676, 0.9804975499362346, 0.9774883263158489, 0.9744689215827413, 0.9643541828796593, 0.9679213236580938, 0.978996462419766, 0.9643071630677569, 0.9744741154987936, 0.9815053883341479, 0.9779865692015421, 0.9643816168217545, 0.9744741154987936, 0.9734785261239604, 0.971951209772633, 0.9673611855138062, 0.9749815177076564, 0.9769822987745937, 0.9638960368915079, 0.9810009507561588, 0.9779935289004303, 0.9653694407301291]
VALIDATION MACRO F1: [0.8822329258071493, 0.9475713408141745, 0.960238510131236, 0.9447164874325094, 0.9517734044621855, 0.9744035623671218, 0.965325396885728, 0.9633982524427644, 0.9695346861021521, 0.9592363924701524, 0.9420205197455435, 0.9740688835162356, 0.9649567196395246, 0.9629255462249834, 0.9865883755329392, 0.978578320981996, 0.9765751060095681, 0.9582068212022126, 0.9509532929352453, 0.9790797263664771, 0.9855878724341786, 0.9805808138829457, 0.9775715902625599, 0.9745521855294523, 0.9644374468263702, 0.9680045876048048, 0.9790797263664771, 0.9643904270144679, 0.9745573794455046, 0.981588652280859, 0.9780698331482531, 0.9644648807684657, 0.9745573794455046, 0.9735617900706715, 0.9720344737193441, 0.9674444494605172, 0.9750647816543674, 0.977065562721305, 0.9639793008382188, 0.9810842147028698, 0.9780767928471412, 0.9654527046768401]
Validation Precision: [0.9106783718394309, 0.9508518233179251, 0.9636783075469336, 0.9535805915956567, 0.9579673315510474, 0.9751248037625794, 0.9675050237117842, 0.967816599878813, 0.9707878114078445, 0.9661674986134221, 0.9554462510500692, 0.9746209460551584, 0.9675806040265276, 0.9659838392211908, 0.9865378689837925, 0.978898300364454, 0.9769817670636449, 0.9654759356811952, 0.9607911545274005, 0.979358915322772, 0.9855632672477693, 0.9808220249923189, 0.978077889247217, 0.9755339416225566, 0.9673968508247335, 0.9698432864773142, 0.979358915322772, 0.9691222527397859, 0.9754050352703136, 0.9816000285936293, 0.9786297544231078, 0.9675771056077134, 0.9754050352703136, 0.9742819813662847, 0.9733791780570985, 0.9713712896797656, 0.9757299399279761, 0.977735573730793, 0.9667355484497646, 0.9812219868731681, 0.9784397145864254, 0.9681938949812818]
Validation Recall: [0.901, 0.9485, 0.9605, 0.9455, 0.9525, 0.9745, 0.9655, 0.9635, 0.9695, 0.9595, 0.943, 0.974, 0.965, 0.963, 0.9865, 0.9785, 0.9765, 0.9585, 0.9515, 0.979, 0.9855, 0.9805, 0.9775, 0.9745, 0.9645, 0.968, 0.979, 0.9645, 0.9745, 0.9815, 0.978, 0.9645, 0.9745, 0.9735, 0.972, 0.9675, 0.975, 0.977, 0.964, 0.981, 0.978, 0.9655]
Validation Loss Min: 0.0741
Validation Accuracy Max: 0.9865
Validation F1 Max: 0.9865
VALIDATION MACRO F1 Max: 0.9866

--- MODEL CONFIGURATION ---
PATIENCE: 15
MAX EPOCHS: 100
EPOCHS RUN: 42

--- CLASSIFICATION REPORT ---
              precision    recall  f1-score   support

           0       1.00      1.00      1.00       300
           1       0.96      0.96      0.96       200
           2       0.99      0.99      0.99       200
           3       0.96      0.96      0.96       200
           4       0.99      0.99      0.99       100

    accuracy                           0.98      1000
   macro avg       0.98      0.98      0.98      1000
weighted avg       0.98      0.98      0.98      1000
