PARAMS: {'batch_size': 32, 'learning_rate': 0.01, 'dropout_rate': 0.3, 'n_hidden_layers': 2, 'first_layer_nodes': 128, 'epochs': 100, 'patience': 15}
ACCURACY:  0.9810
F1 SCORE:  0.9810
MACRO F1-SCORE: 0.9800
PRECISION: 0.9811
RECALL:    0.9810
TEST LOSS: 0.0902
Validation Loss: [0.2009728103876114, 0.2704794108867645, 0.13053670525550842, 0.1310843825340271, 0.15083135664463043, 0.11408520489931107, 0.14767993986606598, 0.1313415914773941, 0.13300587236881256, 0.24365195631980896, 0.104684017598629, 0.12968912720680237, 0.24735021591186523, 0.12552718818187714, 0.16091859340667725, 0.16519801318645477, 0.07545673847198486, 0.33304858207702637, 0.38878941535949707, 0.26215386390686035, 0.15699009597301483, 0.15291687846183777, 0.10939610004425049, 0.14315921068191528, 0.2386167347431183, 0.1615324169397354, 0.30943167209625244, 0.3301613926887512, 0.17665015161037445, 0.24757827818393707, 0.09051513671875, 0.1323840618133545]
Validation Accuracy: [0.9409999847412109, 0.8774999976158142, 0.9629999995231628, 0.9459999799728394, 0.940500020980835, 0.9470000267028809, 0.9279999732971191, 0.9394999742507935, 0.949999988079071, 0.8914999961853027, 0.9595000147819519, 0.9394999742507935, 0.8970000147819519, 0.9434999823570251, 0.9325000047683716, 0.9415000081062317, 0.972000002861023, 0.8585000038146973, 0.7289999723434448, 0.8374999761581421, 0.9484999775886536, 0.9330000281333923, 0.9660000205039978, 0.9384999871253967, 0.9039999842643738, 0.9294999837875366, 0.8845000267028809, 0.8245000243186951, 0.940500020980835, 0.9039999842643738, 0.9620000123977661, 0.9415000081062317]
Validation F1: [0.941018884108743, 0.8727117118858957, 0.9629336421077324, 0.9451667290839288, 0.9396339797814305, 0.9462973991556509, 0.925948269496405, 0.9385485526840455, 0.9496112697663932, 0.8836170650977296, 0.9592772492155539, 0.9383423561356862, 0.8906971785539958, 0.9429344465683257, 0.9311108165974846, 0.9410266241958801, 0.9719816016045327, 0.8528544454196699, 0.6567104665151233, 0.8261204978582934, 0.9479199602222184, 0.9314762506737231, 0.9659684022100362, 0.9372789616677382, 0.8989060895548557, 0.9275830469976065, 0.8782900029623262, 0.8120157399670279, 0.9394344453873491, 0.8988089536842832, 0.9617830288992634, 0.940492251852771]
Validation Precision: [0.9428869281045752, 0.8922712754806745, 0.9649374977138973, 0.9556446802532191, 0.9513421020596682, 0.955588725137133, 0.9444135971463776, 0.9508811483637823, 0.9565907194673, 0.926360343012243, 0.9636015493087268, 0.951044426964308, 0.9274890538739766, 0.9532868209626767, 0.9460056558330054, 0.9483993850622663, 0.9733933172908207, 0.8871507182776627, 0.8228518562779916, 0.8746034242206068, 0.956122361275984, 0.947354983719874, 0.9673962274950633, 0.9504162302522475, 0.9311858948039948, 0.9452840435956836, 0.9151371797328253, 0.8675446887096621, 0.9515024435178463, 0.9315322859964723, 0.9659354646146351, 0.9521418096120592]
Validation Recall: [0.941, 0.8775, 0.963, 0.946, 0.9405, 0.947, 0.928, 0.9395, 0.95, 0.8915, 0.9595, 0.9395, 0.897, 0.9435, 0.9325, 0.9415, 0.972, 0.8585, 0.729, 0.8375, 0.9485, 0.933, 0.966, 0.9385, 0.904, 0.9295, 0.8845, 0.8245, 0.9405, 0.904, 0.962, 0.9415]
Validation Loss Min: 0.0755
Validation Accuracy Max: 0.9720
Validation F1 Max: 0.9720

--- MODEL CONFIGURATION ---
FIRST LAYER NODES: 128
HIDDEN LAYERS: 2
PATIENCE: 15
MAX EPOCHS: 100
EPOCHS RUN: 31

--- CLASSIFICATION REPORT ---
              precision    recall  f1-score   support

           0       1.00      1.00      1.00       300
           1       0.96      0.96      0.96       200
           2       1.00      0.99      0.99       200
           3       0.96      0.96      0.96       200
           4       1.00      0.99      0.99       100

    accuracy                           0.98      1000
   macro avg       0.98      0.98      0.98      1000
weighted avg       0.98      0.98      0.98      1000

VALIDATION MACRO F1: 0.9716
