PARAMS: {'batch_size': 32, 'learning_rate': 0.001, 'dropout_rate': 0.3, 'n_hidden_layers': 2, 'first_layer_nodes': 64, 'epochs': 100, 'patience': 15}
ACCURACY:  0.9850
F1 SCORE:  0.9850
MACRO F1-SCORE: 0.9840
PRECISION: 0.9850
RECALL:    0.9850
TEST LOSS: 0.0690
Validation Loss: [0.5183993577957153, 0.35390692949295044, 0.22649089992046356, 0.16024695336818695, 0.13467441499233246, 0.14085641503334045, 0.1017991378903389, 0.105922631919384, 0.08805233240127563, 0.0845225602388382, 0.08018224686384201, 0.08052807301282883, 0.07520823925733566, 0.07832209020853043, 0.07358036935329437, 0.06914576143026352, 0.07127603143453598, 0.07151305675506592, 0.06543487310409546, 0.07379630953073502, 0.08417603373527527, 0.10830448567867279, 0.06584647297859192, 0.06522232294082642, 0.07534155994653702, 0.07805753499269485, 0.06515762209892273, 0.06634736061096191, 0.07053659111261368, 0.08651451766490936, 0.08514457195997238, 0.08027074486017227, 0.0616261325776577, 0.10452001541852951, 0.09211968630552292, 0.08949641138315201, 0.0710204467177391, 0.0831185057759285, 0.06432600319385529, 0.09269636124372482, 0.12421675771474838, 0.06389828026294708, 0.05728256702423096, 0.06991512328386307, 0.06738881766796112, 0.06042103096842766, 0.08430785685777664, 0.061192773282527924, 0.08322161436080933, 0.06532876193523407, 0.12973900139331818, 0.06645702570676804, 0.061883166432380676, 0.07432641834020615, 0.07504093647003174, 0.07976941764354706, 0.06897062808275223, 0.06530483067035675]
Validation Accuracy: [0.7710000276565552, 0.8659999966621399, 0.890500009059906, 0.9564999938011169, 0.9599999785423279, 0.9459999799728394, 0.9629999995231628, 0.9549999833106995, 0.9710000157356262, 0.9754999876022339, 0.9819999933242798, 0.9629999995231628, 0.9754999876022339, 0.9635000228881836, 0.9785000085830688, 0.9704999923706055, 0.9649999737739563, 0.9700000286102295, 0.9800000190734863, 0.9639999866485596, 0.9610000252723694, 0.9605000019073486, 0.9739999771118164, 0.9710000157356262, 0.9639999866485596, 0.9645000100135803, 0.9815000295639038, 0.9815000295639038, 0.9725000262260437, 0.9595000147819519, 0.9629999995231628, 0.9639999866485596, 0.9815000295639038, 0.9564999938011169, 0.9610000252723694, 0.9645000100135803, 0.9904999732971191, 0.9649999737739563, 0.9810000061988831, 0.9570000171661377, 0.9415000081062317, 0.9819999933242798, 0.9789999723434448, 0.9714999794960022, 0.9710000157356262, 0.9825000166893005, 0.9599999785423279, 0.9794999957084656, 0.9605000019073486, 0.9764999747276306, 0.9434999823570251, 0.9729999899864197, 0.9764999747276306, 0.9679999947547913, 0.965499997138977, 0.9620000123977661, 0.9754999876022339, 0.9775000214576721]
Validation F1: [0.7395737115232598, 0.8657766022593395, 0.8901684150273668, 0.9563865029351981, 0.9599883799000375, 0.9455296737987745, 0.9630000322106655, 0.9546187212251819, 0.9709415827644597, 0.97547810309026, 0.9820018358195378, 0.9628246649324969, 0.9754750136783895, 0.963283187539192, 0.9784895667311277, 0.9704130674953917, 0.9649541804517474, 0.9699319649825004, 0.9800074347525379, 0.9637689199662232, 0.9607863173922587, 0.9605072101598711, 0.9739550462218218, 0.9709274210884802, 0.9638296216759947, 0.9643041509362869, 0.9815093119256082, 0.9815093119256082, 0.9724218427679157, 0.9592408844941456, 0.962798320658015, 0.9638182233344139, 0.9814901355278114, 0.956108931427647, 0.9607290315105047, 0.9643041509362869, 0.9905071407357133, 0.9647905448610797, 0.9810041462595426, 0.9566443651664641, 0.9404623830849785, 0.9819945509985664, 0.9789802455958243, 0.9714183138059821, 0.9709205146847631, 0.9824931764677539, 0.95972249942533, 0.9794825039566504, 0.9602461170035126, 0.9764717251853942, 0.9425736938908074, 0.9729196295365952, 0.9764666136478352, 0.9679367430375266, 0.9653008624432915, 0.9617676908667524, 0.9754599799375353, 0.9774725534786411]
Validation Precision: [0.7150804447845246, 0.8750113066579294, 0.896660946361135, 0.9616044548869166, 0.9608387201126467, 0.9526419468476403, 0.9636998896403757, 0.9607245966374823, 0.9727263981600595, 0.9764771299732454, 0.982994684218266, 0.9664929365813484, 0.9765644324905065, 0.9687349334451314, 0.9792080248093369, 0.9737167237217361, 0.9666138280019126, 0.9718933972737925, 0.9801878774235422, 0.9693538676046519, 0.9649551445401308, 0.961571503816646, 0.9753941552761517, 0.9738759844024774, 0.9673085546008702, 0.9694623384278557, 0.9816205657712035, 0.9816205657712035, 0.975478094225982, 0.963929508958839, 0.9667848370514802, 0.967614418820623, 0.9820871999341355, 0.9624538036581594, 0.9657302537899555, 0.9694623384278557, 0.9905854092804948, 0.9700781805259416, 0.9811681974980465, 0.9624994294582137, 0.9523141447694506, 0.9824458696394295, 0.9798612858884651, 0.974462550447297, 0.9730583964122154, 0.9829916737104575, 0.9647023027620044, 0.9803024975810997, 0.9648901770292581, 0.9775447525650108, 0.9536020512538645, 0.9761029290632928, 0.9776842829231691, 0.9701766448655599, 0.97044265850236, 0.9662002773913102, 0.9768267762375236, 0.9785493302285213]
Validation Recall: [0.771, 0.866, 0.8905, 0.9565, 0.96, 0.946, 0.963, 0.955, 0.971, 0.9755, 0.982, 0.963, 0.9755, 0.9635, 0.9785, 0.9705, 0.965, 0.97, 0.98, 0.964, 0.961, 0.9605, 0.974, 0.971, 0.964, 0.9645, 0.9815, 0.9815, 0.9725, 0.9595, 0.963, 0.964, 0.9815, 0.9565, 0.961, 0.9645, 0.9905, 0.965, 0.981, 0.957, 0.9415, 0.982, 0.979, 0.9715, 0.971, 0.9825, 0.96, 0.9795, 0.9605, 0.9765, 0.9435, 0.973, 0.9765, 0.968, 0.9655, 0.962, 0.9755, 0.9775]
Validation Loss Min: 0.0573
Validation Accuracy Max: 0.9905
Validation F1 Max: 0.9905

--- MODEL CONFIGURATION ---
FIRST LAYER NODES: 64
HIDDEN LAYERS: 2
PATIENCE: 15
MAX EPOCHS: 100
EPOCHS RUN: 57

--- CLASSIFICATION REPORT ---
              precision    recall  f1-score   support

           0       1.00      1.00      1.00       300
           1       0.97      0.97      0.97       200
           2       1.00      0.99      1.00       200
           3       0.96      0.96      0.96       200
           4       0.99      0.99      0.99       100

    accuracy                           0.98      1000
   macro avg       0.98      0.98      0.98      1000
weighted avg       0.99      0.98      0.99      1000

VALIDATION MACRO F1: 0.9788
