PARAMS: {'batch_size': 128, 'learning_rate': 0.01, 'dropout_rate': 0.3, 'epochs': 100, 'patience': 15}
ACCURACY:  0.9830
F1 SCORE:  0.9827
PRECISION: 0.9831
RECALL:    0.9823
TEST LOSS: 0.0857
Validation Loss: [0.1434158831834793, 0.16173984110355377, 0.10876409709453583, 0.10271574556827545, 0.12784573435783386, 0.11368370801210403, 0.12004218995571136, 0.08319787681102753, 0.10162518918514252, 0.11082742363214493, 0.11976779997348785, 0.09617923945188522, 0.0989755317568779, 0.08925239741802216, 0.09170079231262207, 0.10953924804925919, 0.08792487531900406, 0.13238967955112457, 0.09348872303962708, 0.09816282987594604, 0.1141214445233345, 0.09133249521255493, 0.09104305505752563]
Validation Accuracy: [0.9664999842643738, 0.9185000061988831, 0.9664999842643738, 0.9610000252723694, 0.9434999823570251, 0.9649999737739563, 0.9524999856948853, 0.9725000262260437, 0.9580000042915344, 0.9624999761581421, 0.9574999809265137, 0.9629999995231628, 0.9710000157356262, 0.9745000004768372, 0.965499997138977, 0.9585000276565552, 0.9725000262260437, 0.9520000219345093, 0.9725000262260437, 0.9589999914169312, 0.9589999914169312, 0.9869999885559082, 0.9695000052452087]
Validation F1: [0.9664054118840335, 0.9151778850404717, 0.9664158964940852, 0.9608065540005153, 0.9424669419391626, 0.9648845259508865, 0.9521091423211991, 0.9724672649962472, 0.9578880297833187, 0.9622763185626345, 0.957108597682956, 0.9628051249189673, 0.9709565954336142, 0.9744835692101025, 0.9653694407301291, 0.9581235572555014, 0.9724613649910202, 0.9515715404250901, 0.9724672649962472, 0.9586385375721223, 0.9587578767474697, 0.9869947765476629, 0.9694514221554411]
VALIDATION MACRO F1: [0.9662392992721411, 0.9152611489871829, 0.9664167284425709, 0.9608898179472263, 0.9425502058858737, 0.9649677898975975, 0.9519430297093067, 0.9725505289429582, 0.9579712937300296, 0.9621936086706977, 0.9570258877910192, 0.9628883888656784, 0.9710398593803253, 0.9745668331568135, 0.9654527046768401, 0.9582068212022126, 0.9725446289377313, 0.9514054278131976, 0.9725505289429582, 0.9587218015188335, 0.9585917641355772, 0.9868286639357706, 0.9695346861021521]
Validation Precision: [0.9684616220173068, 0.941849586395154, 0.9684273830711477, 0.9644122862352705, 0.9557508319467554, 0.9673756801863346, 0.9577919741371554, 0.9735247862955357, 0.9604430773405599, 0.9675204827840146, 0.9646339575414852, 0.9674424602109643, 0.9722239952210305, 0.9751741736238517, 0.9681938949812818, 0.9654759356811952, 0.9736611392065204, 0.9577334782391033, 0.9735247862955357, 0.9658209982669217, 0.9629419449860314, 0.9873046015602265, 0.9707878114078445]
Validation Recall: [0.9665, 0.9185, 0.9665, 0.961, 0.9435, 0.965, 0.9525, 0.9725, 0.958, 0.9625, 0.9575, 0.963, 0.971, 0.9745, 0.9655, 0.9585, 0.9725, 0.952, 0.9725, 0.959, 0.959, 0.987, 0.9695]
Validation Loss Min: 0.0832
Validation Accuracy Max: 0.9870
Validation F1 Max: 0.9870
VALIDATION MACRO F1 Max: 0.9868

--- MODEL CONFIGURATION ---
PATIENCE: 15
MAX EPOCHS: 100
EPOCHS RUN: 23

--- CLASSIFICATION REPORT ---
              precision    recall  f1-score   support

           0       1.00      1.00      1.00       300
           1       0.96      0.96      0.96       200
           2       0.99      0.99      0.99       200
           3       0.96      0.96      0.96       200
           4       1.00      0.99      0.99       100

    accuracy                           0.98      1000
   macro avg       0.98      0.98      0.98      1000
weighted avg       0.98      0.98      0.98      1000
