PARAMS: {'batch_size': 128, 'learning_rate': 0.001, 'dropout_rate': 0.4, 'n_hidden_layers': 3, 'first_layer_nodes': 128, 'epochs': 100, 'patience': 15}
ACCURACY:  0.9830
F1 SCORE:  0.9830
MACRO F1-SCORE: 0.9820
PRECISION: 0.9830
RECALL:    0.9830
TEST LOSS: 0.0738
Validation Loss: [0.7575507760047913, 0.5415847301483154, 0.4141579866409302, 0.2830527424812317, 0.21452191472053528, 0.1661941260099411, 0.1373273730278015, 0.11773752421140671, 0.10573495179414749, 0.11114682257175446, 0.1074647456407547, 0.08963315933942795, 0.09593378752470016, 0.08131007850170135, 0.07605212181806564, 0.0816354751586914, 0.08740810304880142, 0.07754728198051453, 0.07320495694875717, 0.07252481579780579, 0.11337729543447495, 0.07540006935596466, 0.06924661993980408, 0.06797441095113754, 0.07011845707893372, 0.06633900851011276, 0.07399933785200119, 0.06666736304759979, 0.0740833580493927, 0.06817490607500076, 0.07320321351289749, 0.0725865438580513, 0.0781160518527031, 0.069296695291996, 0.11230244487524033, 0.07672639191150665, 0.06555600464344025, 0.0679946318268776, 0.07240694016218185, 0.06690005958080292, 0.06432498246431351, 0.06292597949504852, 0.05964650213718414, 0.0640610009431839, 0.062488917261362076, 0.06506765633821487, 0.0770871639251709, 0.07634385675191879, 0.0876225084066391, 0.07382453233003616, 0.06870229542255402, 0.0666847974061966, 0.07573515921831131, 0.11454487591981888, 0.061481673270463943, 0.07666123658418655, 0.058557577431201935, 0.05762438103556633, 0.05884403735399246, 0.07845566421747208, 0.05834648013114929, 0.08972956985235214, 0.06628482043743134, 0.05896393582224846, 0.06202663481235504, 0.06831104308366776, 0.0689060166478157, 0.06574396789073944, 0.11538941413164139, 0.06922539323568344, 0.06039845198392868, 0.07642138004302979, 0.059290561825037]
Validation Accuracy: [0.7289999723434448, 0.7754999995231628, 0.8579999804496765, 0.871999979019165, 0.8939999938011169, 0.9359999895095825, 0.9585000276565552, 0.9629999995231628, 0.9610000252723694, 0.953000009059906, 0.9559999704360962, 0.968999981880188, 0.9629999995231628, 0.9725000262260437, 0.9750000238418579, 0.9620000123977661, 0.9624999761581421, 0.9674999713897705, 0.9664999842643738, 0.9714999794960022, 0.9539999961853027, 0.9674999713897705, 0.9704999923706055, 0.9829999804496765, 0.972000002861023, 0.9775000214576721, 0.9785000085830688, 0.9735000133514404, 0.9649999737739563, 0.984000027179718, 0.9624999761581421, 0.9660000205039978, 0.9679999947547913, 0.965499997138977, 0.9580000042915344, 0.9649999737739563, 0.9819999933242798, 0.9714999794960022, 0.9879999756813049, 0.9825000166893005, 0.9750000238418579, 0.9700000286102295, 0.9764999747276306, 0.9754999876022339, 0.9819999933242798, 0.972000002861023, 0.9639999866485596, 0.9649999737739563, 0.9620000123977661, 0.9679999947547913, 0.9695000052452087, 0.9890000224113464, 0.9664999842643738, 0.9559999704360962, 0.9835000038146973, 0.965499997138977, 0.9794999957084656, 0.9810000061988831, 0.9804999828338623, 0.9629999995231628, 0.9760000109672546, 0.9639999866485596, 0.968999981880188, 0.9884999990463257, 0.9884999990463257, 0.9714999794960022, 0.9695000052452087, 0.965499997138977, 0.9564999938011169, 0.9670000076293945, 0.984000027179718, 0.968500018119812, 0.9835000038146973]
Validation F1: [0.7002128314963462, 0.7432159916553782, 0.8589247197161964, 0.8715386758317281, 0.8928697419108503, 0.9358043174699113, 0.9584815780554025, 0.9629634307571224, 0.9608121995061149, 0.9525758215251352, 0.9556647302769423, 0.9689118404236574, 0.9628246649324969, 0.972448309264357, 0.97497949884303, 0.961854963050637, 0.9622608910710424, 0.9674016017668297, 0.9664259831844636, 0.9714460739894937, 0.9535883299012718, 0.9674039891538719, 0.970366619407834, 0.9830011727705278, 0.9719383265059154, 0.9774736766460412, 0.9785108476786891, 0.9734843829543056, 0.96488840768987, 0.9840093479364823, 0.9622608910710424, 0.965875194235606, 0.9678943928046758, 0.9654899230554989, 0.9576522373977272, 0.964858295715062, 0.9820017574759163, 0.9714556857121666, 0.988005821563534, 0.9824982972821212, 0.974941152841379, 0.9699339636361459, 0.9764681302009226, 0.9754720462134464, 0.9819945509985664, 0.9719241325954848, 0.9638420501360132, 0.9648676918297286, 0.9617676908667524, 0.9678943928046758, 0.9694125891287574, 0.9890090085049764, 0.9663627149664401, 0.9555937347807429, 0.9834999348671869, 0.9653470244206294, 0.9795014328476082, 0.980991619804126, 0.980501058942413, 0.9627588404813878, 0.9759687426353709, 0.9637689199662232, 0.9689067644827218, 0.9885088230140456, 0.9885015559917135, 0.9714367663379637, 0.9694125891287574, 0.9653008624432915, 0.9561451159218921, 0.9668810255177763, 0.9840071911703374, 0.968390893462385, 0.9834980974469854]
Validation Precision: [0.6867975782385201, 0.7207499161585362, 0.8668700922477934, 0.8807290142653957, 0.9027994555705774, 0.9389375729556362, 0.959968649901179, 0.9644675493369569, 0.964539892414485, 0.9591660640970959, 0.9613298316432816, 0.9720739677464958, 0.9664929365813484, 0.974054242285997, 0.9759107863826869, 0.9648584609309088, 0.9680136929114135, 0.969787146839614, 0.968989589584002, 0.9731455581671546, 0.9600061586346235, 0.969841319650882, 0.9738148062297869, 0.9839188233423327, 0.9746686546308311, 0.9784530993012218, 0.9786229608612689, 0.9739921959405562, 0.9673530894033834, 0.9845404197692198, 0.9680136929114135, 0.9687178515760984, 0.9704163382299348, 0.9663487204303206, 0.9635329911815906, 0.9680558672934457, 0.9822235301416745, 0.9734308204123636, 0.9880290606225178, 0.9828245798883282, 0.9776762069385811, 0.9723990105212761, 0.9775824523768657, 0.9765234245587092, 0.9824458696394295, 0.9748563044769817, 0.9672712140170515, 0.9679100324902619, 0.9662002773913102, 0.9704163382299348, 0.9716373190228633, 0.989186355428914, 0.9694309339350291, 0.9620968888990284, 0.9844114099144229, 0.9686430579744358, 0.9797546880740813, 0.9815367758489001, 0.9807956152758133, 0.9685014264138279, 0.9771108886462, 0.9693538676046519, 0.97122862916517, 0.9885497438632752, 0.9885395149922869, 0.9732696422351593, 0.9716373190228633, 0.97044265850236, 0.961936370722628, 0.969610749670451, 0.9840532140072848, 0.9710263284206624, 0.983825029528616]
Validation Recall: [0.729, 0.7755, 0.858, 0.872, 0.894, 0.936, 0.9585, 0.963, 0.961, 0.953, 0.956, 0.969, 0.963, 0.9725, 0.975, 0.962, 0.9625, 0.9675, 0.9665, 0.9715, 0.954, 0.9675, 0.9705, 0.983, 0.972, 0.9775, 0.9785, 0.9735, 0.965, 0.984, 0.9625, 0.966, 0.968, 0.9655, 0.958, 0.965, 0.982, 0.9715, 0.988, 0.9825, 0.975, 0.97, 0.9765, 0.9755, 0.982, 0.972, 0.964, 0.965, 0.962, 0.968, 0.9695, 0.989, 0.9665, 0.956, 0.9835, 0.9655, 0.9795, 0.981, 0.9805, 0.963, 0.976, 0.964, 0.969, 0.9885, 0.9885, 0.9715, 0.9695, 0.9655, 0.9565, 0.967, 0.984, 0.9685, 0.9835]
Validation Loss Min: 0.0576
Validation Accuracy Max: 0.9890
Validation F1 Max: 0.9890

--- MODEL CONFIGURATION ---
FIRST LAYER NODES: 128
HIDDEN LAYERS: 3
PATIENCE: 15
MAX EPOCHS: 100
EPOCHS RUN: 72

--- CLASSIFICATION REPORT ---
              precision    recall  f1-score   support

           0       1.00      1.00      1.00       300
           1       0.96      0.97      0.97       200
           2       0.99      0.99      0.99       200
           3       0.96      0.96      0.96       200
           4       0.99      0.99      0.99       100

    accuracy                           0.98      1000
   macro avg       0.98      0.98      0.98      1000
weighted avg       0.98      0.98      0.98      1000

VALIDATION MACRO F1: 0.9808
