PARAMS: {'batch_size': 32, 'learning_rate': 0.001, 'dropout_rate': 0.3, 'n_hidden_layers': 3, 'first_layer_nodes': 64, 'epochs': 100, 'patience': 15}
ACCURACY:  0.9840
F1 SCORE:  0.9840
MACRO F1-SCORE: 0.9820
PRECISION: 0.9841
RECALL:    0.9840
TEST LOSS: 0.0759
Validation Loss: [0.5652520060539246, 0.41734543442726135, 0.23687489330768585, 0.1801457703113556, 0.1339285522699356, 0.12195683270692825, 0.10414047539234161, 0.09811589121818542, 0.10117102414369583, 0.09278061240911484, 0.08005401492118835, 0.10563772916793823, 0.07995977252721786, 0.07469339668750763, 0.07687003165483475, 0.09108435362577438, 0.07570459693670273, 0.07788082957267761, 0.0700175017118454, 0.07641717046499252, 0.07860734313726425, 0.09075505286455154, 0.06941346824169159, 0.07891257107257843, 0.07156015187501907, 0.09350505471229553, 0.10496550053358078, 0.06712879240512848, 0.06550292670726776, 0.09977541118860245, 0.06662189215421677, 0.06316860765218735, 0.06735778599977493, 0.08608701080083847, 0.07153691351413727, 0.06698436290025711, 0.0678764209151268, 0.07363002747297287, 0.07756119966506958, 0.06129634380340576, 0.0786316990852356, 0.07624052464962006, 0.0807681679725647, 0.07262077182531357, 0.07344029098749161, 0.06813378632068634, 0.05822153016924858, 0.0751149132847786, 0.07440883666276932, 0.07987037301063538, 0.07315927743911743, 0.07584987580776215, 0.0862802267074585, 0.06195146217942238, 0.06807617098093033, 0.0637456625699997, 0.06314545124769211, 0.07367520779371262, 0.06534016132354736, 0.12507368624210358, 0.08227257430553436, 0.06439028680324554]
Validation Accuracy: [0.781499981880188, 0.7990000247955322, 0.9430000185966492, 0.9325000047683716, 0.9589999914169312, 0.9595000147819519, 0.9754999876022339, 0.9620000123977661, 0.9599999785423279, 0.9660000205039978, 0.9764999747276306, 0.9559999704360962, 0.9704999923706055, 0.9819999933242798, 0.9725000262260437, 0.9599999785423279, 0.972000002861023, 0.9810000061988831, 0.9764999747276306, 0.9635000228881836, 0.9714999794960022, 0.9599999785423279, 0.9704999923706055, 0.9635000228881836, 0.9700000286102295, 0.9580000042915344, 0.9559999704360962, 0.9764999747276306, 0.9829999804496765, 0.9559999704360962, 0.9769999980926514, 0.9810000061988831, 0.9704999923706055, 0.9645000100135803, 0.9635000228881836, 0.9739999771118164, 0.9850000143051147, 0.9704999923706055, 0.9729999899864197, 0.9794999957084656, 0.965499997138977, 0.9674999713897705, 0.9645000100135803, 0.9735000133514404, 0.965499997138977, 0.9810000061988831, 0.9825000166893005, 0.965499997138977, 0.9649999737739563, 0.9639999866485596, 0.9674999713897705, 0.9645000100135803, 0.9639999866485596, 0.9785000085830688, 0.9810000061988831, 0.9775000214576721, 0.9779999852180481, 0.9664999842643738, 0.9810000061988831, 0.9514999985694885, 0.9700000286102295, 0.987500011920929]
Validation F1: [0.7481935404894953, 0.7665498493497268, 0.9430353073233898, 0.9330359118800208, 0.9590211759000067, 0.9594661227510193, 0.975469980538712, 0.9619937915250251, 0.9597629418941009, 0.9658718144995673, 0.9764757785570073, 0.9556647302769423, 0.9703953594695015, 0.9820065981257672, 0.9724693609749319, 0.9597485863504227, 0.9720034003142086, 0.9810041462595426, 0.9764866917819462, 0.9632201282815399, 0.9714678571543512, 0.959749046535309, 0.9704342600722996, 0.9633335024544833, 0.969908551930662, 0.9577166051789668, 0.9556647302769423, 0.9764757785570073, 0.98300311324247, 0.9555806638373283, 0.9769855036960187, 0.9810127430833651, 0.970386477089188, 0.9642917827644205, 0.963283187539192, 0.9739626761735235, 0.9849988154550765, 0.9704220019128483, 0.9729328136996735, 0.9795012022061532, 0.9653470244206294, 0.9673508464491599, 0.9643381253539072, 0.9734511566698518, 0.965359022431129, 0.9809943831396384, 0.9825060234326128, 0.9653428743628949, 0.9648511479128546, 0.9637938333540751, 0.9674039891538719, 0.9642917827644205, 0.9638077394282482, 0.9785164416544995, 0.980991619804126, 0.9775135227672883, 0.9779810581013155, 0.9663627149664401, 0.9809943831396384, 0.9509388271386431, 0.9699245208034308, 0.9875065587434839]
Validation Precision: [0.7295058883192942, 0.7446986891951866, 0.9431983040892369, 0.936027552790815, 0.959833644859813, 0.9609824953210764, 0.9766183020741099, 0.963089426059723, 0.9642953733217424, 0.968790085327061, 0.9774879302009056, 0.9613298316432816, 0.974064605585285, 0.9821870288449113, 0.9735936394439691, 0.9644024435268439, 0.9720492810991866, 0.9811681974980465, 0.9772392156862745, 0.968861281032562, 0.9725875969009451, 0.964467974931154, 0.9722595412250584, 0.9668812840720825, 0.9730542878210001, 0.9628008262310175, 0.9613298316432816, 0.9774879302009056, 0.9832661186423957, 0.9634706210959321, 0.9777986995054103, 0.9810557734931215, 0.9736217872075448, 0.9695855939538517, 0.9687349334451314, 0.9752248501213603, 0.9851774517858152, 0.9733488303534186, 0.9748929008519961, 0.9797948094900609, 0.9686430579744358, 0.9716397897879869, 0.967699182722859, 0.9749695833954176, 0.968414720187598, 0.981497711966471, 0.9826008858457078, 0.968718453307347, 0.9680192898575083, 0.9690978604514373, 0.969841319650882, 0.9695855939538517, 0.9677225564133939, 0.978563068303207, 0.9815367758489001, 0.9775299189836355, 0.9788437577332411, 0.9694309339350291, 0.981497711966471, 0.9589461109420397, 0.9727306987108967, 0.9879764283195943]
Validation Recall: [0.7815, 0.799, 0.943, 0.9325, 0.959, 0.9595, 0.9755, 0.962, 0.96, 0.966, 0.9765, 0.956, 0.9705, 0.982, 0.9725, 0.96, 0.972, 0.981, 0.9765, 0.9635, 0.9715, 0.96, 0.9705, 0.9635, 0.97, 0.958, 0.956, 0.9765, 0.983, 0.956, 0.977, 0.981, 0.9705, 0.9645, 0.9635, 0.974, 0.985, 0.9705, 0.973, 0.9795, 0.9655, 0.9675, 0.9645, 0.9735, 0.9655, 0.981, 0.9825, 0.9655, 0.965, 0.964, 0.9675, 0.9645, 0.964, 0.9785, 0.981, 0.9775, 0.978, 0.9665, 0.981, 0.9515, 0.97, 0.9875]
Validation Loss Min: 0.0582
Validation Accuracy Max: 0.9875
Validation F1 Max: 0.9875

--- MODEL CONFIGURATION ---
FIRST LAYER NODES: 64
HIDDEN LAYERS: 3
PATIENCE: 15
MAX EPOCHS: 100
EPOCHS RUN: 61

--- CLASSIFICATION REPORT ---
              precision    recall  f1-score   support

           0       1.00      1.00      1.00       300
           1       0.96      0.97      0.97       200
           2       0.99      0.99      0.99       200
           3       0.97      0.96      0.96       200
           4       0.99      0.99      0.99       100

    accuracy                           0.98      1000
   macro avg       0.98      0.98      0.98      1000
weighted avg       0.98      0.98      0.98      1000

VALIDATION MACRO F1: 0.9823
