PARAMS: {'batch_size': 64, 'learning_rate': 0.01, 'dropout_rate': 0.2, 'n_hidden_layers': 3, 'first_layer_nodes': 128, 'epochs': 100, 'patience': 15}
ACCURACY:  0.9780
F1 SCORE:  0.9780
MACRO F1-SCORE: 0.9780
PRECISION: 0.9781
RECALL:    0.9780
TEST LOSS: 0.0989
Validation Loss: [0.2372291535139084, 0.27994289994239807, 0.2177218496799469, 0.1155286431312561, 0.07733111828565598, 0.18094104528427124, 0.09651514142751694, 0.15342281758785248, 0.10553181171417236, 0.08032546192407608, 0.09590013325214386, 0.08919326961040497, 0.07804470509290695, 0.08966381102800369, 0.07513779401779175, 0.08642939478158951, 0.08899170160293579, 0.07184085994958878, 0.09961679577827454, 0.08588011562824249, 0.09722215682268143, 0.09532950073480606, 0.09225226938724518, 0.08263610303401947, 0.12734654545783997, 0.10235213488340378, 0.11504898220300674, 0.14735983312129974, 0.14345693588256836, 0.15957190096378326, 0.08545656502246857, 0.07315215468406677, 0.11803671717643738]
Validation Accuracy: [0.921999990940094, 0.8809999823570251, 0.8889999985694885, 0.9574999809265137, 0.9789999723434448, 0.9294999837875366, 0.9610000252723694, 0.9355000257492065, 0.9605000019073486, 0.9664999842643738, 0.9639999866485596, 0.9620000123977661, 0.9645000100135803, 0.968500018119812, 0.9815000295639038, 0.9915000200271606, 0.972000002861023, 0.9700000286102295, 0.9700000286102295, 0.968999981880188, 0.9589999914169312, 0.9605000019073486, 0.9610000252723694, 0.9645000100135803, 0.9459999799728394, 0.9589999914169312, 0.9555000066757202, 0.9409999847412109, 0.9449999928474426, 0.9449999928474426, 0.9605000019073486, 0.968500018119812, 0.9445000290870667]
Validation F1: [0.9215241189687781, 0.8766279804089033, 0.8814107804275765, 0.9571768114568728, 0.9790069343074004, 0.9281179680410325, 0.9607112413098237, 0.9341456890774275, 0.9602891704734497, 0.9664852683895125, 0.9637319299492164, 0.96177941055169, 0.964330213961488, 0.9684007006608766, 0.981504329260232, 0.9915047836911335, 0.9719523567887918, 0.9699642777209143, 0.9699268878633739, 0.96890244963747, 0.9587756991679699, 0.9602300172913465, 0.9607457580423137, 0.9643553298958181, 0.9453949104990573, 0.9586792559677602, 0.9551782154280822, 0.9399636209883194, 0.9441792832789422, 0.9441778822585047, 0.9602469959456545, 0.968419139624141, 0.9436261921018585]
Validation Precision: [0.9298094992855773, 0.893715312326381, 0.9241746307225139, 0.9635505250385432, 0.979123222388463, 0.9418014856133806, 0.9669537299582409, 0.9481802635912377, 0.9644721927387205, 0.9674734021237135, 0.9692226669475458, 0.9660859550241194, 0.9678616041465868, 0.9708216397253864, 0.9815267426020625, 0.9915124626245333, 0.9733808336725321, 0.9718984613393465, 0.9726590909090909, 0.9712882825867143, 0.9629094026713801, 0.9651717802140768, 0.9654482950056583, 0.9673985064401672, 0.9535147282939859, 0.964259584053869, 0.9603803451631401, 0.9518215581973606, 0.9543331808645639, 0.9544160775816928, 0.9649557084335684, 0.970439597415021, 0.954252986564185]
Validation Recall: [0.922, 0.881, 0.889, 0.9575, 0.979, 0.9295, 0.961, 0.9355, 0.9605, 0.9665, 0.964, 0.962, 0.9645, 0.9685, 0.9815, 0.9915, 0.972, 0.97, 0.97, 0.969, 0.959, 0.9605, 0.961, 0.9645, 0.946, 0.959, 0.9555, 0.941, 0.945, 0.945, 0.9605, 0.9685, 0.9445]
Validation Loss Min: 0.0718
Validation Accuracy Max: 0.9915
Validation F1 Max: 0.9915

--- MODEL CONFIGURATION ---
FIRST LAYER NODES: 128
HIDDEN LAYERS: 3
PATIENCE: 15
MAX EPOCHS: 100
EPOCHS RUN: 32

--- CLASSIFICATION REPORT ---
              precision    recall  f1-score   support

           0       1.00      0.98      0.99       300
           1       0.96      0.96      0.96       200
           2       0.99      0.99      0.99       200
           3       0.96      0.96      0.96       200
           4       0.98      0.99      0.99       100

    accuracy                           0.98      1000
   macro avg       0.98      0.98      0.98      1000
weighted avg       0.98      0.98      0.98      1000

VALIDATION MACRO F1: 0.9692
