PARAMS: {'batch_size': 32, 'learning_rate': 0.001, 'dropout_rate': 0.2, 'n_hidden_layers': 2, 'first_layer_nodes': 128, 'epochs': 100, 'patience': 15}
ACCURACY:  0.9840
F1 SCORE:  0.9840
MACRO F1-SCORE: 0.9840
PRECISION: 0.9840
RECALL:    0.9840
TEST LOSS: 0.0726
Validation Loss: [0.38821253180503845, 0.19573035836219788, 0.13201852142810822, 0.11402767896652222, 0.10455325245857239, 0.09440237283706665, 0.0836569219827652, 0.08542049676179886, 0.0879940390586853, 0.08663807809352875, 0.0779791846871376, 0.08507071435451508, 0.07057294249534607, 0.08944185823202133, 0.06814809888601303, 0.0655626505613327, 0.10591953992843628, 0.07455591857433319, 0.07971937209367752, 0.12183067947626114, 0.06803307682275772, 0.06484641134738922, 0.06930309534072876, 0.06816104054450989, 0.06316210329532623, 0.11080258339643478, 0.0722825676202774, 0.06401879340410233, 0.14414125680923462, 0.06166485324501991, 0.07106003165245056, 0.06321589648723602, 0.09712359309196472, 0.08698838204145432, 0.06423936784267426, 0.05637430399656296, 0.06171157583594322, 0.07838717848062515, 0.06312732398509979, 0.09080003201961517, 0.058741435408592224, 0.05775028467178345, 0.06266966462135315, 0.06499318778514862, 0.08014309406280518, 0.061682652682065964, 0.06384024769067764, 0.06353118270635605, 0.061317138373851776, 0.06894458085298538, 0.05867601931095123]
Validation Accuracy: [0.8615000247955322, 0.940500020980835, 0.9645000100135803, 0.9635000228881836, 0.9570000171661377, 0.9645000100135803, 0.9745000004768372, 0.9624999761581421, 0.9639999866485596, 0.9620000123977661, 0.9710000157356262, 0.9729999899864197, 0.9729999899864197, 0.9595000147819519, 0.9860000014305115, 0.9815000295639038, 0.953499972820282, 0.9794999957084656, 0.9629999995231628, 0.9369999766349792, 0.972000002861023, 0.972000002861023, 0.9635000228881836, 0.9695000052452087, 0.9760000109672546, 0.9555000066757202, 0.9725000262260437, 0.9789999723434448, 0.9470000267028809, 0.9725000262260437, 0.9645000100135803, 0.9735000133514404, 0.9570000171661377, 0.9570000171661377, 0.984499990940094, 0.9785000085830688, 0.972000002861023, 0.9704999923706055, 0.9704999923706055, 0.9614999890327454, 0.9884999990463257, 0.9769999980926514, 0.9745000004768372, 0.9660000205039978, 0.9629999995231628, 0.9769999980926514, 0.9660000205039978, 0.9725000262260437, 0.9714999794960022, 0.968500018119812, 0.9775000214576721]
Validation F1: [0.8629960741833611, 0.94101286137749, 0.9643503129136247, 0.9633766088205001, 0.9566751320194321, 0.9643771447437879, 0.9744660940574188, 0.9623135657268552, 0.963958395377145, 0.9617916265044031, 0.9708941215661605, 0.9729328136996735, 0.9729470713610162, 0.9592103603641073, 0.9860104188672079, 0.9814984971172573, 0.9530723581996442, 0.9795106266834024, 0.9627851454509182, 0.9355814806705246, 0.9719367708245618, 0.9719307450945893, 0.9632701578695639, 0.9694183509319184, 0.9759687426353709, 0.9550952112422185, 0.9724136383116083, 0.9790133332844347, 0.9462739905506746, 0.9724388372278738, 0.9643498759743881, 0.9734444779249924, 0.9566237439893437, 0.956577375344333, 0.984507444656883, 0.9784820321538953, 0.9719307450945893, 0.9704062186538553, 0.9704150624389231, 0.9612088486972636, 0.9885077680136382, 0.9769696679129544, 0.9744587448098794, 0.9658108568147286, 0.9627883380114077, 0.9769709850968604, 0.9658108568147286, 0.972420867439936, 0.97143359287491, 0.9684080023860626, 0.9774771938011638]
Validation Precision: [0.8701944636805056, 0.950981753747426, 0.9676627378999315, 0.9668857644969139, 0.9622476324302431, 0.9671900093370681, 0.9756863243257753, 0.9661977140155508, 0.9655369397462785, 0.9659780154745062, 0.9745571921573751, 0.9748929008519961, 0.9745468288580871, 0.9643315265325696, 0.9860648364518438, 0.9818241302480405, 0.9597223905196224, 0.9798133009733867, 0.968125207804041, 0.9514523312647594, 0.973805819357446, 0.9738833091001465, 0.968861281032562, 0.9716682349034151, 0.9771108886462, 0.9615323743952174, 0.9757139413066825, 0.9790366347248012, 0.9556609554739708, 0.9741750648288411, 0.9674673826525351, 0.9751339452951079, 0.9628121191071147, 0.9644509411704364, 0.9845417692681374, 0.9792993541478695, 0.9738833091001465, 0.972846437814341, 0.9726485549779195, 0.9675697144529454, 0.9885558375213548, 0.9781158570292171, 0.9758205580351493, 0.9708086974122961, 0.9669583355490106, 0.9780168148807339, 0.9708086974122961, 0.9756103424912028, 0.9732893356347515, 0.9707360425930801, 0.9784181955101551]
Validation Recall: [0.8615, 0.9405, 0.9645, 0.9635, 0.957, 0.9645, 0.9745, 0.9625, 0.964, 0.962, 0.971, 0.973, 0.973, 0.9595, 0.986, 0.9815, 0.9535, 0.9795, 0.963, 0.937, 0.972, 0.972, 0.9635, 0.9695, 0.976, 0.9555, 0.9725, 0.979, 0.947, 0.9725, 0.9645, 0.9735, 0.957, 0.957, 0.9845, 0.9785, 0.972, 0.9705, 0.9705, 0.9615, 0.9885, 0.977, 0.9745, 0.966, 0.963, 0.977, 0.966, 0.9725, 0.9715, 0.9685, 0.9775]
Validation Loss Min: 0.0564
Validation Accuracy Max: 0.9885
Validation F1 Max: 0.9885

--- MODEL CONFIGURATION ---
FIRST LAYER NODES: 128
HIDDEN LAYERS: 2
PATIENCE: 15
MAX EPOCHS: 100
EPOCHS RUN: 50

--- CLASSIFICATION REPORT ---
              precision    recall  f1-score   support

           0       1.00      1.00      1.00       300
           1       0.96      0.97      0.97       200
           2       1.00      0.99      1.00       200
           3       0.96      0.96      0.96       200
           4       0.99      0.99      0.99       100

    accuracy                           0.98      1000
   macro avg       0.98      0.98      0.98      1000
weighted avg       0.98      0.98      0.98      1000

VALIDATION MACRO F1: 0.9783
