PARAMS: {'batch_size': 64, 'learning_rate': 0.001, 'dropout_rate': 0.2, 'n_hidden_layers': 3, 'first_layer_nodes': 128, 'epochs': 100, 'patience': 15}
ACCURACY:  0.9870
F1 SCORE:  0.9870
MACRO F1-SCORE: 0.9860
PRECISION: 0.9872
RECALL:    0.9870
TEST LOSS: 0.0707
Validation Loss: [0.45898646116256714, 0.23559395968914032, 0.16955173015594482, 0.1379207968711853, 0.19075092673301697, 0.10199925303459167, 0.09023860841989517, 0.0798451155424118, 0.11257832497358322, 0.09803375601768494, 0.08534959703683853, 0.08631271868944168, 0.07145894318819046, 0.07016991823911667, 0.06518979370594025, 0.0795348584651947, 0.07062119990587234, 0.10421272367238998, 0.06820742040872574, 0.0810527577996254, 0.074257992208004, 0.06522861123085022, 0.06196127086877823, 0.06334736198186874, 0.09827420115470886, 0.094772569835186, 0.06336752325296402, 0.07286009937524796, 0.05889532342553139, 0.062086474150419235, 0.05910135805606842, 0.06157195568084717, 0.08959127217531204, 0.07423610985279083, 0.06730615347623825, 0.06490832567214966, 0.07180294394493103, 0.06501629203557968, 0.06192393600940704, 0.07345272600650787, 0.06158987060189247, 0.05663350969552994, 0.06307461857795715, 0.05406641587615013, 0.056423451751470566, 0.07062393426895142, 0.05803397297859192, 0.07984167337417603, 0.05986524373292923, 0.06956013292074203, 0.057374414056539536, 0.057509440928697586, 0.06899171322584152, 0.05698412284255028, 0.06456707417964935, 0.08346041291952133, 0.055305976420640945, 0.12096412479877472, 0.10562416911125183]
Validation Accuracy: [0.8529999852180481, 0.8899999856948853, 0.9430000185966492, 0.9380000233650208, 0.9004999995231628, 0.9620000123977661, 0.9649999737739563, 0.9729999899864197, 0.953499972820282, 0.9564999938011169, 0.9605000019073486, 0.9610000252723694, 0.9800000190734863, 0.972000002861023, 0.9804999828338623, 0.9624999761581421, 0.9635000228881836, 0.9559999704360962, 0.9829999804496765, 0.9624999761581421, 0.9704999923706055, 0.9679999947547913, 0.9764999747276306, 0.9739999771118164, 0.9614999890327454, 0.9605000019073486, 0.9750000238418579, 0.9745000004768372, 0.9835000038146973, 0.9670000076293945, 0.9769999980926514, 0.9785000085830688, 0.9620000123977661, 0.965499997138977, 0.9695000052452087, 0.9729999899864197, 0.965499997138977, 0.984499990940094, 0.9754999876022339, 0.965499997138977, 0.9649999737739563, 0.9729999899864197, 0.9764999747276306, 0.9890000224113464, 0.9819999933242798, 0.9629999995231628, 0.984499990940094, 0.9664999842643738, 0.9794999957084656, 0.9664999842643738, 0.9829999804496765, 0.9729999899864197, 0.9649999737739563, 0.9779999852180481, 0.972000002861023, 0.9645000100135803, 0.984000027179718, 0.9570000171661377, 0.9570000171661377]
Validation F1: [0.8532595617177935, 0.8900044596524073, 0.9421412867277339, 0.9374301591249586, 0.8975474536873602, 0.9619703345031705, 0.9648567537325909, 0.9729523945731926, 0.9530498900563505, 0.9561451159218921, 0.9602759563006644, 0.9607571996583499, 0.9800073972893365, 0.9719382942714644, 0.9804986969523933, 0.9622608910710424, 0.9632701578695639, 0.9556604243881828, 0.9829985473265425, 0.9622885118459901, 0.9703953594695015, 0.9679268392073527, 0.9764717251853942, 0.9739486447257959, 0.9612088486972636, 0.9602300172913465, 0.9749635046255244, 0.9745144782885777, 0.9835039533597428, 0.9669829227724039, 0.9769696679129544, 0.9784896388809586, 0.9617676908667524, 0.9653470244206294, 0.96946810178615, 0.9729470713610162, 0.9653470244206294, 0.984499949839756, 0.9754655882376713, 0.9653470244206294, 0.9647905448610797, 0.9729196295365952, 0.9765140748233904, 0.9890043040189413, 0.9819951634428976, 0.9627723678698183, 0.9844981362463984, 0.96635105370743, 0.9794862782381324, 0.9663739563322652, 0.9829970223890515, 0.9729196295365952, 0.9647905448610797, 0.9779796893840637, 0.9719307450945893, 0.9642798990461966, 0.9840071911703374, 0.9566443651664641, 0.9566443651664641]
Validation Precision: [0.8647028548498036, 0.896539219719812, 0.9524512881875562, 0.9449126345225045, 0.914235465167106, 0.963225925802063, 0.9679975191299544, 0.9744769968233276, 0.959980500821018, 0.961936370722628, 0.9645745401026092, 0.965266058625567, 0.9806340666208605, 0.9737067182345638, 0.9808236806077525, 0.9680136929114135, 0.968861281032562, 0.9613826583864628, 0.9839750042927703, 0.9664028328619436, 0.974064605585285, 0.9704903238958053, 0.9775447525650108, 0.975554414049981, 0.9675697144529454, 0.9651717802140768, 0.976143556384624, 0.9747194439371049, 0.9836424838189737, 0.9680395164704477, 0.9781158570292171, 0.9790814586305219, 0.9662002773913102, 0.9686430579744358, 0.9712073859731978, 0.9745468288580871, 0.9686430579744358, 0.9847550002034277, 0.9766789108978653, 0.9686430579744358, 0.9700781805259416, 0.9761029290632928, 0.9766367898515036, 0.9890479137640971, 0.9823031702208683, 0.9681440482025404, 0.9847060425396107, 0.9696606530960771, 0.9801883448838412, 0.9692104381481884, 0.9833632193822448, 0.9761029290632928, 0.9700781805259416, 0.9788578031393483, 0.9738833091001465, 0.9697152535196358, 0.9840532140072848, 0.9624994294582137, 0.9624994294582137]
Validation Recall: [0.853, 0.89, 0.943, 0.938, 0.9005, 0.962, 0.965, 0.973, 0.9535, 0.9565, 0.9605, 0.961, 0.98, 0.972, 0.9805, 0.9625, 0.9635, 0.956, 0.983, 0.9625, 0.9705, 0.968, 0.9765, 0.974, 0.9615, 0.9605, 0.975, 0.9745, 0.9835, 0.967, 0.977, 0.9785, 0.962, 0.9655, 0.9695, 0.973, 0.9655, 0.9845, 0.9755, 0.9655, 0.965, 0.973, 0.9765, 0.989, 0.982, 0.963, 0.9845, 0.9665, 0.9795, 0.9665, 0.983, 0.973, 0.965, 0.978, 0.972, 0.9645, 0.984, 0.957, 0.957]
Validation Loss Min: 0.0541
Validation Accuracy Max: 0.9890
Validation F1 Max: 0.9890

--- MODEL CONFIGURATION ---
FIRST LAYER NODES: 128
HIDDEN LAYERS: 3
PATIENCE: 15
MAX EPOCHS: 100
EPOCHS RUN: 58

--- CLASSIFICATION REPORT ---
              precision    recall  f1-score   support

           0       1.00      1.00      1.00       300
           1       0.96      0.99      0.98       200
           2       0.99      0.99      0.99       200
           3       0.98      0.96      0.97       200
           4       0.99      0.99      0.99       100

    accuracy                           0.99      1000
   macro avg       0.99      0.99      0.99      1000
weighted avg       0.99      0.99      0.99      1000

VALIDATION MACRO F1: 0.9888
