PARAMS: {'batch_size': 128, 'learning_rate': 0.01, 'dropout_rate': 0.4, 'epochs': 100, 'patience': 15}
ACCURACY:  0.9880
F1 SCORE:  0.9877
PRECISION: 0.9885
RECALL:    0.9870
TEST LOSS: 0.0857
Validation Loss: [0.2109743058681488, 0.13500069081783295, 0.11609255522489548, 0.10967687517404556, 0.14963530004024506, 0.15173988044261932, 0.16620194911956787, 0.09676089137792587, 0.12373218685388565, 0.1090814471244812, 0.13265232741832733, 0.09932006895542145, 0.11234626919031143, 0.10562797635793686, 0.09304095059633255, 0.10500703752040863, 0.11149302124977112, 0.09978356212377548, 0.13109461963176727, 0.13410791754722595, 0.09255366772413254, 0.10848445445299149, 0.10568789392709732, 0.10414819419384003, 0.09956541657447815, 0.12215091288089752, 0.10330070555210114, 0.10340511053800583, 0.11093302816152573, 0.14811336994171143, 0.0955529659986496, 0.10068722814321518, 0.1385241448879242, 0.10712555795907974, 0.09639822691679001, 0.10303893685340881]
Validation Accuracy: [0.9160000085830688, 0.9710000157356262, 0.9580000042915344, 0.9649999737739563, 0.9284999966621399, 0.9375, 0.9175000190734863, 0.9779999852180481, 0.9480000138282776, 0.9639999866485596, 0.9424999952316284, 0.9869999885559082, 0.9595000147819519, 0.9674999713897705, 0.9704999923706055, 0.9620000123977661, 0.9649999737739563, 0.9760000109672546, 0.9639999866485596, 0.9559999704360962, 0.9835000038146973, 0.9764999747276306, 0.9800000190734863, 0.9589999914169312, 0.9679999947547913, 0.9555000066757202, 0.9649999737739563, 0.9710000157356262, 0.9639999866485596, 0.9075000286102295, 0.9729999899864197, 0.9804999828338623, 0.9509999752044678, 0.9764999747276306, 0.9595000147819519, 0.965499997138977]
Validation F1: [0.913222950808883, 0.9709723744627988, 0.9578717055662164, 0.9647893978449209, 0.9264154403170619, 0.9363845123751043, 0.9143498294019953, 0.9779966091814842, 0.9472097479268561, 0.9638661784437754, 0.9414070075115948, 0.9869947765476629, 0.9591531285234411, 0.9674157922743327, 0.9704526572830969, 0.9618338958436926, 0.9648734556928137, 0.9759935913594415, 0.9637970695124507, 0.9557049040909495, 0.9835068906679723, 0.9764952381556706, 0.98000129105256, 0.9589335410461848, 0.9679458309065732, 0.955025208138491, 0.9648033896555102, 0.970962969231296, 0.9638816193383429, 0.9025312941713337, 0.9729789414054903, 0.9805021939553631, 0.9505959847627279, 0.9764918420628571, 0.9591531285234411, 0.9652997154271327]
VALIDATION MACRO F1: [0.9130568406252436, 0.9707250705320772, 0.9577889956742794, 0.9648726617916321, 0.9260821069837286, 0.9362183997632119, 0.9135114709430339, 0.9780798731281953, 0.9472930118735672, 0.964032845110442, 0.9414902714583059, 0.9868286639357706, 0.9592363924701524, 0.9674990562210439, 0.9705359212298081, 0.9620005625103593, 0.9649567196395246, 0.9760768553061526, 0.9638803334591618, 0.9555387914790572, 0.9835901546146832, 0.9765785021023818, 0.9800845549992712, 0.9590168049928959, 0.9680290948532843, 0.9551084720852023, 0.9648866536022214, 0.971046233178007, 0.963964883285054, 0.9026145581180447, 0.9728962315135533, 0.9805854579020743, 0.9506792487094391, 0.9765751060095681, 0.9592363924701524, 0.9653829793738439]
Validation Precision: [0.9348436159943644, 0.9717418393936785, 0.9607604813243922, 0.9700765249105081, 0.9463847893695222, 0.9489830355332851, 0.9393930759586497, 0.9783582532117623, 0.9585465575928787, 0.9666769223502214, 0.9551428552930589, 0.9873046015602265, 0.9661674986134221, 0.969427815313087, 0.9717940296102188, 0.9650865319144905, 0.9675806040265276, 0.9764374648676403, 0.9687529059571928, 0.9603972698057758, 0.9835412359871595, 0.9768965260076584, 0.9802220992200954, 0.9607253217426738, 0.9693525348498596, 0.9634352581762635, 0.9697799738770277, 0.9720843911156803, 0.9663626793769456, 0.9364871333166184, 0.9737836369817184, 0.980693263488654, 0.9562964035025173, 0.9769817670636449, 0.9661674986134221, 0.9704410028869263]
Validation Recall: [0.916, 0.971, 0.958, 0.965, 0.9285, 0.9375, 0.9175, 0.978, 0.948, 0.964, 0.9425, 0.987, 0.9595, 0.9675, 0.9705, 0.962, 0.965, 0.976, 0.964, 0.956, 0.9835, 0.9765, 0.98, 0.959, 0.968, 0.9555, 0.965, 0.971, 0.964, 0.9075, 0.973, 0.9805, 0.951, 0.9765, 0.9595, 0.9655]
Validation Loss Min: 0.0926
Validation Accuracy Max: 0.9870
Validation F1 Max: 0.9870
VALIDATION MACRO F1 Max: 0.9868

--- MODEL CONFIGURATION ---
PATIENCE: 15
MAX EPOCHS: 100
EPOCHS RUN: 36

--- CLASSIFICATION REPORT ---
              precision    recall  f1-score   support

           0       1.00      1.00      1.00       300
           1       0.96      0.99      0.98       200
           2       1.00      0.99      0.99       200
           3       0.98      0.96      0.97       200
           4       1.00      0.99      0.99       100

    accuracy                           0.99      1000
   macro avg       0.99      0.99      0.99      1000
weighted avg       0.99      0.99      0.99      1000
