PARAMS: {'batch_size': 64, 'learning_rate': 0.01, 'dropout_rate': 0.3, 'n_hidden_layers': 3, 'first_layer_nodes': 128, 'epochs': 100, 'patience': 15}
ACCURACY:  0.9570
F1 SCORE:  0.9569
MACRO F1-SCORE: 0.9540
PRECISION: 0.9605
RECALL:    0.9570
TEST LOSS: 0.1077
Validation Loss: [0.3220079839229584, 0.23421625792980194, 0.13594189286231995, 0.12801244854927063, 0.13670499622821808, 0.15882563591003418, 0.1312880665063858, 0.15036028623580933, 0.1788070797920227, 0.14640206098556519, 0.2079235017299652, 0.2704925537109375, 0.1391669660806656, 0.14708979427814484, 0.2070448398590088, 0.11209996044635773, 0.13813821971416473, 0.21347960829734802, 0.20526103675365448, 0.23824091255664825, 0.16482558846473694, 0.20540770888328552, 0.2690006196498871, 0.23586854338645935, 0.23957815766334534, 0.30679449439048767, 0.12307539582252502, 0.14662274718284607, 0.2792101800441742, 0.16491398215293884, 0.1321750283241272]
Validation Accuracy: [0.8865000009536743, 0.8949999809265137, 0.9434999823570251, 0.9664999842643738, 0.9419999718666077, 0.9294999837875366, 0.9375, 0.9369999766349792, 0.9089999794960022, 0.9369999766349792, 0.9089999794960022, 0.8930000066757202, 0.9384999871253967, 0.9434999823570251, 0.9275000095367432, 0.9505000114440918, 0.9445000290870667, 0.9229999780654907, 0.9210000038146973, 0.9139999747276306, 0.940500020980835, 0.9325000047683716, 0.909500002861023, 0.9269999861717224, 0.925000011920929, 0.9100000262260437, 0.9555000066757202, 0.9445000290870667, 0.9225000143051147, 0.9495000243186951, 0.9520000219345093]
Validation F1: [0.8846804142637003, 0.8877277910541288, 0.9429691085689503, 0.9663778440054543, 0.9409416913079863, 0.9301222383411586, 0.9362476372337596, 0.9357144905463526, 0.9045538692079786, 0.9357524350517351, 0.9046330767772699, 0.8858239057881118, 0.9373456446286815, 0.9426014393917346, 0.925608479107298, 0.94992074216783, 0.94365290913341, 0.9205072150595744, 0.9182326150375245, 0.9103611538444566, 0.9394344453873491, 0.9308342133166648, 0.9052881934721246, 0.9250024417886447, 0.9228156911963152, 0.9058633044349259, 0.955133359052521, 0.94365290913341, 0.9199595822657534, 0.9489042735511836, 0.9514974883040375]
Validation Precision: [0.8961851529773873, 0.929385086410739, 0.9500392380735788, 0.9699884771439843, 0.9544675865909985, 0.9436661341853034, 0.9496111835454482, 0.9492998052605859, 0.9343057846197035, 0.9490339482947159, 0.9340700644878487, 0.926183730840282, 0.9500641068898037, 0.9534343436875368, 0.9430098142789338, 0.9581100947783985, 0.9540876418538864, 0.9413652093736998, 0.9404618916224176, 0.9366787518341666, 0.9515024435178463, 0.9470513804232135, 0.934098197336158, 0.943253859504887, 0.9421027936373757, 0.9343572096385164, 0.9611569753662771, 0.9540876418538864, 0.9409854027818023, 0.9572022851841959, 0.9590039569915562]
Validation Recall: [0.8865, 0.895, 0.9435, 0.9665, 0.942, 0.9295, 0.9375, 0.937, 0.909, 0.937, 0.909, 0.893, 0.9385, 0.9435, 0.9275, 0.9505, 0.9445, 0.923, 0.921, 0.914, 0.9405, 0.9325, 0.9095, 0.927, 0.925, 0.91, 0.9555, 0.9445, 0.9225, 0.9495, 0.952]
Validation Loss Min: 0.1121
Validation Accuracy Max: 0.9665
Validation F1 Max: 0.9664

--- MODEL CONFIGURATION ---
FIRST LAYER NODES: 128
HIDDEN LAYERS: 3
PATIENCE: 15
MAX EPOCHS: 100
EPOCHS RUN: 30

--- CLASSIFICATION REPORT ---
              precision    recall  f1-score   support

           0       1.00      1.00      1.00       300
           1       0.97      0.83      0.89       200
           2       0.99      0.99      0.99       200
           3       0.85      0.97      0.90       200
           4       0.99      0.99      0.99       100

    accuracy                           0.96      1000
   macro avg       0.96      0.96      0.96      1000
weighted avg       0.96      0.96      0.96      1000

VALIDATION MACRO F1: 0.9496
