PARAMS: {'batch_size': 128, 'learning_rate': 0.01, 'dropout_rate': 0.3, 'n_hidden_layers': 2, 'first_layer_nodes': 128, 'epochs': 100, 'patience': 15}
ACCURACY:  0.9700
F1 SCORE:  0.9700
MACRO F1-SCORE: 0.9700
PRECISION: 0.9731
RECALL:    0.9700
TEST LOSS: 0.1113
Validation Loss: [0.3302305042743683, 0.13606905937194824, 0.11622776836156845, 0.10945510864257812, 0.10578291863203049, 0.1365608274936676, 0.12073467671871185, 0.08490446954965591, 0.10721994191408157, 0.10327237099409103, 0.08650796860456467, 0.16375374794006348, 0.09253893792629242, 0.07811787724494934, 0.07703150808811188, 0.08593390136957169, 0.13604359328746796, 0.09310842305421829, 0.11886171996593475, 0.15462897717952728, 0.10201598703861237, 0.24309475719928741, 0.2496114820241928, 0.1786869615316391, 0.10294578224420547, 0.11232073605060577, 0.13884158432483673, 0.12423451244831085, 0.08646479994058609, 0.10874529927968979]
Validation Accuracy: [0.8679999709129333, 0.9580000042915344, 0.9564999938011169, 0.9710000157356262, 0.9624999761581421, 0.9384999871253967, 0.9430000185966492, 0.9679999947547913, 0.9810000061988831, 0.9545000195503235, 0.9700000286102295, 0.9265000224113464, 0.9564999938011169, 0.9785000085830688, 0.972000002861023, 0.9629999995231628, 0.9399999976158142, 0.9564999938011169, 0.940500020980835, 0.9300000071525574, 0.9520000219345093, 0.8870000243186951, 0.887499988079071, 0.8949999809265137, 0.9545000195503235, 0.9505000114440918, 0.9294999837875366, 0.9399999976158142, 0.9620000123977661, 0.9474999904632568]
Validation F1: [0.8672814778946745, 0.9577586953714322, 0.9564896862622547, 0.9709205146847631, 0.9623291235884717, 0.9373906365243665, 0.9426315850048393, 0.967918097994627, 0.9810087712856698, 0.9541036333907217, 0.969909379045996, 0.9242330545235461, 0.9561811385191402, 0.9784820321538953, 0.9719159370012842, 0.9627883380114077, 0.9389154782724463, 0.9561451159218921, 0.9394363939192517, 0.9281305169584009, 0.9515272186892385, 0.8775105006567117, 0.8784232996082592, 0.8877990886762258, 0.9540969485055353, 0.9499480439197618, 0.9275830469976065, 0.9388731996402419, 0.9618379866476424, 0.9467953485659963]
Validation Precision: [0.878055815909511, 0.9620518320013282, 0.9572723714030034, 0.9730583964122154, 0.9658622519617572, 0.9495306886828093, 0.948252293382274, 0.9707022086824066, 0.9811408438023252, 0.9604369124212976, 0.9722404399401339, 0.945011909422196, 0.9615833525870865, 0.9792993541478695, 0.975086715315862, 0.9669583355490106, 0.9509187354458792, 0.961936370722628, 0.9514154721407476, 0.945480900291287, 0.958384900990099, 0.9265776722644923, 0.9261207337959285, 0.9282448817532, 0.960544640892803, 0.9577518175097933, 0.9452840435956836, 0.9513601790924094, 0.9659811107161136, 0.9560764586395473]
Validation Recall: [0.868, 0.958, 0.9565, 0.971, 0.9625, 0.9385, 0.943, 0.968, 0.981, 0.9545, 0.97, 0.9265, 0.9565, 0.9785, 0.972, 0.963, 0.94, 0.9565, 0.9405, 0.93, 0.952, 0.887, 0.8875, 0.895, 0.9545, 0.9505, 0.9295, 0.94, 0.962, 0.9475]
Validation Loss Min: 0.0770
Validation Accuracy Max: 0.9810
Validation F1 Max: 0.9810

--- MODEL CONFIGURATION ---
FIRST LAYER NODES: 128
HIDDEN LAYERS: 2
PATIENCE: 15
MAX EPOCHS: 100
EPOCHS RUN: 29

--- CLASSIFICATION REPORT ---
              precision    recall  f1-score   support

           0       1.00      0.99      1.00       300
           1       0.88      1.00      0.94       200
           2       0.99      0.99      0.99       200
           3       0.99      0.87      0.93       200
           4       1.00      0.99      0.99       100

    accuracy                           0.97      1000
   macro avg       0.97      0.97      0.97      1000
weighted avg       0.97      0.97      0.97      1000

VALIDATION MACRO F1: 0.9717
