PARAMS: {'batch_size': 32, 'learning_rate': 0.01, 'dropout_rate': 0.2, 'n_hidden_layers': 2, 'first_layer_nodes': 128, 'epochs': 100, 'patience': 15}
ACCURACY:  0.9880
F1 SCORE:  0.9880
MACRO F1-SCORE: 0.9880
PRECISION: 0.9882
RECALL:    0.9880
TEST LOSS: 0.0674
Validation Loss: [0.14954717457294464, 0.13704775273799896, 0.11047275364398956, 0.08721143752336502, 0.09751720726490021, 0.10506098717451096, 0.10745882242918015, 0.10783131420612335, 0.20660753548145294, 0.19561249017715454, 0.10811468958854675, 0.15354543924331665, 0.0771978348493576, 0.08828675001859665, 0.10182098299264908, 0.0798858031630516, 0.13654758036136627, 0.12272883206605911, 0.19810335338115692, 0.1712399274110794, 0.07090000063180923, 0.07820889353752136, 0.08999264240264893, 0.11204534024000168, 0.08406214416027069, 0.08583945035934448, 0.08049619942903519, 0.07338997721672058, 0.08279857784509659, 0.1303008496761322, 0.11714775115251541, 0.13456660509109497, 0.1132020428776741, 0.06376934796571732, 0.0856773629784584, 0.09015908092260361, 0.06963448226451874, 0.08664298057556152, 0.0727848932147026, 0.09346957504749298, 0.10636808723211288, 0.07774312794208527, 0.0681246891617775, 0.159170001745224, 0.0693044364452362, 0.07464686036109924, 0.06710261106491089, 0.09251360595226288, 0.07531432807445526]
Validation Accuracy: [0.9164999723434448, 0.9455000162124634, 0.9660000205039978, 0.9639999866485596, 0.9589999914169312, 0.9539999961853027, 0.9629999995231628, 0.9514999985694885, 0.9135000109672546, 0.9079999923706055, 0.953499972820282, 0.9365000128746033, 0.965499997138977, 0.9599999785423279, 0.9559999704360962, 0.9700000286102295, 0.940500020980835, 0.9419999718666077, 0.925000011920929, 0.9319999814033508, 0.9860000014305115, 0.9879999756813049, 0.9754999876022339, 0.9514999985694885, 0.9745000004768372, 0.965499997138977, 0.968999981880188, 0.9804999828338623, 0.965499997138977, 0.9559999704360962, 0.953499972820282, 0.9445000290870667, 0.9505000114440918, 0.9900000095367432, 0.9574999809265137, 0.9605000019073486, 0.9710000157356262, 0.9635000228881836, 0.9639999866485596, 0.9739999771118164, 0.9570000171661377, 0.968999981880188, 0.9804999828338623, 0.9495000243186951, 0.9725000262260437, 0.9785000085830688, 0.9735000133514404, 0.9580000042915344, 0.9645000100135803]
Validation F1: [0.9150006770768747, 0.9451483659046409, 0.965882050594985, 0.9639524880232534, 0.9588615204180659, 0.9535470266661712, 0.962783970842826, 0.95109290676241, 0.909869864117704, 0.9038277162493055, 0.9530118095672394, 0.9351328683184165, 0.9653470244206294, 0.95972249942533, 0.9556308722416127, 0.9699218586599627, 0.9394344453873491, 0.9410221065362777, 0.92316879795281, 0.9324805406085646, 0.9860143820792917, 0.9880053172671454, 0.9755160091100797, 0.9509521984870063, 0.9745261638758353, 0.9653008624432915, 0.9689328503067564, 0.9805315838310057, 0.9653562451254074, 0.9555937347807429, 0.9530162711628802, 0.9435550688743404, 0.950000713131135, 0.9900017411583608, 0.9571582877864308, 0.9602469959456545, 0.9709364796165618, 0.9633419749961202, 0.9639928039373269, 0.9739655457142627, 0.9566809005422474, 0.9689305196824287, 0.9805108293901743, 0.9483418343835642, 0.9725009452572843, 0.9784958825904241, 0.9734498826291367, 0.9576862753852522, 0.9642917827644205]
Validation Precision: [0.9268940647818735, 0.9506919692849144, 0.9685740079181442, 0.9656057609484637, 0.9638563821238388, 0.9605418656470637, 0.9679113082667676, 0.9579788445940014, 0.9360860898537842, 0.9322334563955501, 0.960332988753642, 0.9494648991482774, 0.9686430579744358, 0.9647023027620044, 0.9615736451334036, 0.9720272354290823, 0.9515024435178463, 0.9523775543577525, 0.9395050547548925, 0.9391589349203688, 0.9861537794255337, 0.9880693804049084, 0.9755398261771314, 0.9596888658227516, 0.974698278584672, 0.97044265850236, 0.9706810320094317, 0.980724283240253, 0.9685436007958601, 0.9620968888990284, 0.9613252966537715, 0.9561808243692739, 0.957064766427995, 0.9900290029002901, 0.962862978460967, 0.9649557084335684, 0.9726981561595198, 0.9683816631130064, 0.9655611579523149, 0.9752684852465718, 0.962819069959272, 0.9715377836594228, 0.9810503729792048, 0.9553777157344115, 0.9741451632238138, 0.9789499084891616, 0.975061827477891, 0.9631017751456675, 0.9695855939538517]
Validation Recall: [0.9165, 0.9455, 0.966, 0.964, 0.959, 0.954, 0.963, 0.9515, 0.9135, 0.908, 0.9535, 0.9365, 0.9655, 0.96, 0.956, 0.97, 0.9405, 0.942, 0.925, 0.932, 0.986, 0.988, 0.9755, 0.9515, 0.9745, 0.9655, 0.969, 0.9805, 0.9655, 0.956, 0.9535, 0.9445, 0.9505, 0.99, 0.9575, 0.9605, 0.971, 0.9635, 0.964, 0.974, 0.957, 0.969, 0.9805, 0.9495, 0.9725, 0.9785, 0.9735, 0.958, 0.9645]
Validation Loss Min: 0.0638
Validation Accuracy Max: 0.9900
Validation F1 Max: 0.9900

--- MODEL CONFIGURATION ---
FIRST LAYER NODES: 128
HIDDEN LAYERS: 2
PATIENCE: 15
MAX EPOCHS: 100
EPOCHS RUN: 48

--- CLASSIFICATION REPORT ---
              precision    recall  f1-score   support

           0       1.00      1.00      1.00       300
           1       0.96      0.99      0.98       200
           2       1.00      0.99      1.00       200
           3       0.99      0.95      0.97       200
           4       0.98      0.99      0.99       100

    accuracy                           0.99      1000
   macro avg       0.99      0.99      0.99      1000
weighted avg       0.99      0.99      0.99      1000

VALIDATION MACRO F1: 0.9896
