PARAMS: {'batch_size': 32, 'learning_rate': 0.01, 'dropout_rate': 0.2, 'n_hidden_layers': 2, 'first_layer_nodes': 256, 'epochs': 100, 'patience': 15}
ACCURACY:  0.9810
F1 SCORE:  0.9810
MACRO F1-SCORE: 0.9820
PRECISION: 0.9812
RECALL:    0.9810
TEST LOSS: 0.0890
Validation Loss: [0.2796344459056854, 0.11264417320489883, 0.19033773243427277, 0.12380319833755493, 0.12310472130775452, 0.12529104948043823, 0.17081527411937714, 0.08667725324630737, 0.18241067230701447, 0.12926055490970612, 0.10679125040769577, 0.10726635903120041, 0.1410563886165619, 0.12997175753116608, 0.1011815294623375, 0.1866251826286316, 0.08184622973203659, 0.1489015370607376, 0.0788189247250557, 0.136332705616951, 0.1270117461681366, 0.08310645818710327, 0.09901230037212372, 0.09633053094148636, 0.09680113196372986, 0.0964856669306755, 0.10141588002443314, 0.0846637561917305, 0.12444481253623962, 0.08590328693389893, 0.13303673267364502, 0.1304520070552826, 0.20902256667613983, 0.15621080994606018]
Validation Accuracy: [0.8949999809265137, 0.9570000171661377, 0.9135000109672546, 0.9459999799728394, 0.9455000162124634, 0.9470000267028809, 0.9120000004768372, 0.984000027179718, 0.9315000176429749, 0.9449999928474426, 0.9624999761581421, 0.9549999833106995, 0.9390000104904175, 0.9459999799728394, 0.9545000195503235, 0.9279999732971191, 0.9674999713897705, 0.9315000176429749, 0.9695000052452087, 0.9380000233650208, 0.9434999823570251, 0.9660000205039978, 0.9545000195503235, 0.9599999785423279, 0.9559999704360962, 0.9559999704360962, 0.9574999809265137, 0.9629999995231628, 0.9614999890327454, 0.9645000100135803, 0.9480000138282776, 0.9465000033378601, 0.9269999861717224, 0.9359999895095825]
Validation F1: [0.894966315412127, 0.9566934006090718, 0.9115905814932943, 0.9456482650421778, 0.9449003543289161, 0.9474514767010744, 0.9080809847878106, 0.9840062375005666, 0.9298732650095638, 0.9446058309779399, 0.9623913739365471, 0.9545793868015917, 0.9377997110206829, 0.945201116942749, 0.9540634065207368, 0.9260004945553287, 0.9673854748255192, 0.9297960651286171, 0.9694452234402696, 0.9367347393953068, 0.9426014393917346, 0.9658639528697809, 0.9544590598604691, 0.959735534874706, 0.9556101693309879, 0.9557240919783782, 0.9571853975419465, 0.9629126681141339, 0.961278679513245, 0.964361148796253, 0.9472941106626556, 0.9458021998949592, 0.9248549003996596, 0.9345977112732664]
Validation Precision: [0.9019028805687674, 0.9618831785738164, 0.9211326254488841, 0.9551099222060473, 0.9537301883649537, 0.9541012243787886, 0.9356263709399022, 0.9841067025469076, 0.946148266344661, 0.9539415626519694, 0.9651560327960358, 0.9612487785689058, 0.9510079516723602, 0.955238302107499, 0.9608946361925913, 0.9441187833501267, 0.9701324081126061, 0.9462665960808786, 0.971754005204491, 0.9503874554744497, 0.9534343436875368, 0.9689383473629392, 0.9606099618651921, 0.9645819688458221, 0.9619612170860693, 0.9619702511864799, 0.9627963121779544, 0.9663669698081228, 0.9655851202995787, 0.9675729154920356, 0.9565690452116373, 0.9550252944039572, 0.9438380709579338, 0.9491595340815597]
Validation Recall: [0.895, 0.957, 0.9135, 0.946, 0.9455, 0.947, 0.912, 0.984, 0.9315, 0.945, 0.9625, 0.955, 0.939, 0.946, 0.9545, 0.928, 0.9675, 0.9315, 0.9695, 0.938, 0.9435, 0.966, 0.9545, 0.96, 0.956, 0.956, 0.9575, 0.963, 0.9615, 0.9645, 0.948, 0.9465, 0.927, 0.936]
Validation Loss Min: 0.0788
Validation Accuracy Max: 0.9840
Validation F1 Max: 0.9840

--- MODEL CONFIGURATION ---
FIRST LAYER NODES: 256
HIDDEN LAYERS: 2
PATIENCE: 15
MAX EPOCHS: 100
EPOCHS RUN: 33

--- CLASSIFICATION REPORT ---
              precision    recall  f1-score   support

           0       1.00      1.00      1.00       300
           1       0.96      0.95      0.96       200
           2       1.00      0.99      1.00       200
           3       0.95      0.97      0.96       200
           4       0.99      0.99      0.99       100

    accuracy                           0.98      1000
   macro avg       0.98      0.98      0.98      1000
weighted avg       0.98      0.98      0.98      1000

VALIDATION MACRO F1: 0.9689
