PARAMS: {'batch_size': 64, 'learning_rate': 0.01, 'dropout_rate': 0.4, 'epochs': 100, 'patience': 15}
ACCURACY:  0.9790
F1 SCORE:  0.9794
PRECISION: 0.9792
RECALL:    0.9797
TEST LOSS: 0.1096
Validation Loss: [0.18750758469104767, 0.14704689383506775, 0.12894751131534576, 0.1195819228887558, 0.12127663195133209, 0.12198326736688614, 0.10647257417440414, 0.12268300354480743, 0.12495403736829758, 0.1358107626438141, 0.1195203959941864, 0.11515355110168457, 0.10113606601953506, 0.12472014874219894, 0.14517979323863983, 0.12724167108535767, 0.11651743948459625, 0.11581273376941681, 0.1127229854464531, 0.13323161005973816, 0.12200478464365005, 0.10536189377307892, 0.10398570448160172, 0.10328011214733124, 0.1263566017150879, 0.1710905283689499, 0.16364234685897827, 0.14919805526733398]
Validation Accuracy: [0.9545000195503235, 0.9559999704360962, 0.9695000052452087, 0.9645000100135803, 0.9614999890327454, 0.9764999747276306, 0.9750000238418579, 0.9710000157356262, 0.9610000252723694, 0.9549999833106995, 0.9580000042915344, 0.9664999842643738, 0.9710000157356262, 0.9585000276565552, 0.9449999928474426, 0.953499972820282, 0.9739999771118164, 0.968500018119812, 0.9629999995231628, 0.9434999823570251, 0.9664999842643738, 0.9585000276565552, 0.9605000019073486, 0.9660000205039978, 0.9614999890327454, 0.9449999928474426, 0.9825000166893005, 0.9890000224113464]
Validation F1: [0.9541660591158726, 0.9555992260421458, 0.9694558820222705, 0.9643913808750021, 0.9612950443844911, 0.9764998033226973, 0.9749742016641818, 0.9709697046666024, 0.9608124615957552, 0.9547446578054387, 0.9576239725370312, 0.9664135919406833, 0.9709604458804798, 0.9584465702689668, 0.9441525520863479, 0.9531265779768225, 0.9739811271741877, 0.9684348687663631, 0.9628670328840097, 0.942759593324907, 0.9663940356517391, 0.9581386438717459, 0.9603773754040478, 0.9659076914961351, 0.9613316214426264, 0.944158964411629, 0.9825068778178805, 0.9890064380945461]
VALIDATION MACRO F1: [0.9539999465039802, 0.9556837392999029, 0.9693731721303337, 0.9643922128234881, 0.9612958763329769, 0.9762524993919754, 0.9748080890522892, 0.970726960033956, 0.9606463489838628, 0.9550860715421245, 0.9575412626450944, 0.9664968558873944, 0.9711271125471466, 0.958529834215678, 0.9440698421944111, 0.9532098419235335, 0.9740643911208988, 0.9685181327130742, 0.9629502968307208, 0.9428428572716182, 0.9664772995984503, 0.9583053105384126, 0.9602112627921553, 0.9659909554428463, 0.9614148853893376, 0.9439916017919241, 0.9825901417645916, 0.9890897020412573]
Validation Precision: [0.9592723240760959, 0.9630361530244357, 0.9707198622153111, 0.9667823547345815, 0.9660694215483879, 0.9768289103902583, 0.9757500745489885, 0.9720473437952774, 0.9642419975995197, 0.9593167074124969, 0.9649775912966289, 0.9684176888265869, 0.9721536821016292, 0.9599823595515706, 0.9555921941518957, 0.9587309665313993, 0.9747271230265676, 0.9700919544124296, 0.9655521139980375, 0.9523194464364433, 0.968795186020998, 0.9653189131873343, 0.9625735046648235, 0.9680033680963505, 0.9652435324440142, 0.9554239170644714, 0.9828830948672896, 0.9890406748199316]
Validation Recall: [0.9545, 0.956, 0.9695, 0.9645, 0.9615, 0.9765, 0.975, 0.971, 0.961, 0.955, 0.958, 0.9665, 0.971, 0.9585, 0.945, 0.9535, 0.974, 0.9685, 0.963, 0.9435, 0.9665, 0.9585, 0.9605, 0.966, 0.9615, 0.945, 0.9825, 0.989]
Validation Loss Min: 0.1011
Validation Accuracy Max: 0.9890
Validation F1 Max: 0.9890
VALIDATION MACRO F1 Max: 0.9891

--- MODEL CONFIGURATION ---
PATIENCE: 15
MAX EPOCHS: 100
EPOCHS RUN: 28

--- CLASSIFICATION REPORT ---
              precision    recall  f1-score   support

           0       1.00      0.98      0.99       300
           1       0.96      0.96      0.96       200
           2       0.98      0.99      0.99       200
           3       0.96      0.96      0.96       200
           4       1.00      0.99      0.99       100

    accuracy                           0.98      1000
   macro avg       0.98      0.98      0.98      1000
weighted avg       0.98      0.98      0.98      1000
