PARAMS: {'batch_size': 64, 'learning_rate': 0.01, 'dropout_rate': 0.3, 'n_hidden_layers': 2, 'first_layer_nodes': 128, 'epochs': 100, 'patience': 15}
ACCURACY:  0.9830
F1 SCORE:  0.9830
MACRO F1-SCORE: 0.9820
PRECISION: 0.9831
RECALL:    0.9830
TEST LOSS: 0.0785
Validation Loss: [0.1945573091506958, 0.19655708968639374, 0.16183100640773773, 0.11619371175765991, 0.13120169937610626, 0.15479342639446259, 0.10927340388298035, 0.10321971029043198, 0.1401006430387497, 0.12251603603363037, 0.13667602837085724, 0.10595957934856415, 0.09116795659065247, 0.16339236497879028, 0.14158985018730164, 0.1254166066646576, 0.21114613115787506, 0.08018922060728073, 0.13175499439239502, 0.128835529088974, 0.17045362293720245, 0.1261712610721588, 0.07039438188076019, 0.07583161443471909, 0.1118047684431076, 0.12841595709323883, 0.11536680161952972, 0.0984395444393158, 0.11779801547527313, 0.0705835148692131, 0.08840247988700867, 0.11784351617097855, 0.11117080599069595, 0.14582227170467377, 0.10599932819604874, 0.2657904028892517, 0.16090945899486542, 0.10587884485721588]
Validation Accuracy: [0.902999997138977, 0.9290000200271606, 0.8974999785423279, 0.9745000004768372, 0.9564999938011169, 0.934499979019165, 0.9509999752044678, 0.9605000019073486, 0.9375, 0.9555000066757202, 0.9419999718666077, 0.9589999914169312, 0.9825000166893005, 0.8914999961853027, 0.9459999799728394, 0.9514999985694885, 0.8960000276565552, 0.9884999990463257, 0.940500020980835, 0.9545000195503235, 0.9365000128746033, 0.953000009059906, 0.9779999852180481, 0.9904999732971191, 0.968500018119812, 0.9599999785423279, 0.9679999947547913, 0.9605000019073486, 0.9574999809265137, 0.9645000100135803, 0.9679999947547913, 0.9449999928474426, 0.9620000123977661, 0.9340000152587891, 0.9670000076293945, 0.9085000157356262, 0.9160000085830688, 0.949999988079071]
Validation F1: [0.9022635965023037, 0.9282921568348224, 0.896602599457821, 0.9744828160533844, 0.9561506470880684, 0.9329496900865432, 0.950419504264489, 0.9603479247323967, 0.9362822501607335, 0.9555763204294025, 0.9420550631988769, 0.958697874736874, 0.9825090065039573, 0.8836463128902831, 0.9453038977015907, 0.9514244178811607, 0.8905625755358438, 0.9885149287388563, 0.9399959582929482, 0.9541298586072792, 0.9352193528000999, 0.9525130474705802, 0.9779832700572361, 0.9905100374105195, 0.9683806935042196, 0.9596428769898716, 0.9679084795371095, 0.9602684098190934, 0.9571105673209258, 0.9642798990461966, 0.9679019385642175, 0.9441516712300693, 0.96177941055169, 0.9332719222035377, 0.9669957897556207, 0.9040551071113195, 0.9162856511822052, 0.9494009778429209]
Validation Precision: [0.9082433831530092, 0.9306692061554052, 0.9048534636798478, 0.9751580566888087, 0.9618303893824334, 0.9484412333151088, 0.9586026813504884, 0.9648178411942643, 0.9494359101777432, 0.9561297502146338, 0.944152225294567, 0.9639622163016633, 0.9825616874838323, 0.9277421988353756, 0.9546275332592042, 0.9529635569383303, 0.9225578155475063, 0.9885713895713896, 0.9510078620761008, 0.9599397194393694, 0.948722162045656, 0.9598404021815519, 0.9788067675757796, 0.9905271957810159, 0.9712402132511343, 0.964435656487365, 0.9711058687518455, 0.9653669330311122, 0.9646413709693951, 0.9697152535196358, 0.9703290531532963, 0.9545802284259765, 0.9660859550241194, 0.9479927177186014, 0.9695436119081557, 0.9338131980476133, 0.9379679086589857, 0.9577679629690199]
Validation Recall: [0.903, 0.929, 0.8975, 0.9745, 0.9565, 0.9345, 0.951, 0.9605, 0.9375, 0.9555, 0.942, 0.959, 0.9825, 0.8915, 0.946, 0.9515, 0.896, 0.9885, 0.9405, 0.9545, 0.9365, 0.953, 0.978, 0.9905, 0.9685, 0.96, 0.968, 0.9605, 0.9575, 0.9645, 0.968, 0.945, 0.962, 0.934, 0.967, 0.9085, 0.916, 0.95]
Validation Loss Min: 0.0704
Validation Accuracy Max: 0.9905
Validation F1 Max: 0.9905

--- MODEL CONFIGURATION ---
FIRST LAYER NODES: 128
HIDDEN LAYERS: 2
PATIENCE: 15
MAX EPOCHS: 100
EPOCHS RUN: 37

--- CLASSIFICATION REPORT ---
              precision    recall  f1-score   support

           0       1.00      1.00      1.00       300
           1       0.96      0.96      0.96       200
           2       1.00      0.99      1.00       200
           3       0.96      0.96      0.96       200
           4       1.00      0.99      0.99       100

    accuracy                           0.98      1000
   macro avg       0.98      0.98      0.98      1000
weighted avg       0.98      0.98      0.98      1000

VALIDATION MACRO F1: 0.9777
