PARAMS: {'batch_size': 128, 'learning_rate': 0.001, 'dropout_rate': 0.3, 'epochs': 100, 'patience': 15}
ACCURACY:  0.9860
F1 SCORE:  0.9855
PRECISION: 0.9861
RECALL:    0.9850
TEST LOSS: 0.0623
Validation Loss: [0.6937263011932373, 0.3859979808330536, 0.23276223242282867, 0.17511709034442902, 0.12792162597179413, 0.11103744804859161, 0.10577785223722458, 0.09966331720352173, 0.08798243850469589, 0.0877024307847023, 0.0826609656214714, 0.08066951483488083, 0.09325127303600311, 0.08404762297868729, 0.07609150558710098, 0.0769997239112854, 0.10013129562139511, 0.07759043574333191, 0.08350022882223129, 0.07598937302827835, 0.09108180552721024, 0.08336202055215836, 0.07147374004125595, 0.09221898019313812, 0.07528121024370193, 0.07412512600421906, 0.10282539576292038, 0.07720954716205597, 0.08158386498689651, 0.07161470502614975, 0.09351371228694916, 0.07317681610584259, 0.08070406317710876, 0.07518743723630905, 0.07007025182247162, 0.08733366429805756, 0.091005839407444, 0.07030000537633896, 0.07293875515460968, 0.07005887478590012, 0.06859956681728363, 0.0693013072013855, 0.07301579415798187, 0.0920393243432045, 0.0759677067399025, 0.10193879902362823, 0.06985566020011902, 0.06965769827365875, 0.07790423929691315, 0.0772511214017868, 0.08073153346776962, 0.0795721784234047, 0.07063151895999908, 0.07703477144241333, 0.07177916914224625, 0.08177096396684647]
Validation Accuracy: [0.781499981880188, 0.8675000071525574, 0.9419999718666077, 0.949999988079071, 0.9760000109672546, 0.9679999947547913, 0.9610000252723694, 0.9585000276565552, 0.9760000109672546, 0.9695000052452087, 0.9775000214576721, 0.9760000109672546, 0.9585000276565552, 0.9614999890327454, 0.9769999980926514, 0.9800000190734863, 0.9589999914169312, 0.9909999966621399, 0.9710000157356262, 0.9884999990463257, 0.9595000147819519, 0.9595000147819519, 0.9779999852180481, 0.9595000147819519, 0.9769999980926514, 0.9835000038146973, 0.9610000252723694, 0.9725000262260437, 0.9704999923706055, 0.984499990940094, 0.9649999737739563, 0.9750000238418579, 0.972000002861023, 0.9729999899864197, 0.9825000166893005, 0.9674999713897705, 0.9589999914169312, 0.9785000085830688, 0.9835000038146973, 0.9789999723434448, 0.9789999723434448, 0.9869999885559082, 0.9835000038146973, 0.968500018119812, 0.9735000133514404, 0.965499997138977, 0.9794999957084656, 0.9929999709129333, 0.9735000133514404, 0.9599999785423279, 0.9599999785423279, 0.9725000262260437, 0.9900000095367432, 0.9739999771118164, 0.9769999980926514, 0.9735000133514404]
Validation F1: [0.7483713072091019, 0.8673311000669158, 0.9421426260982477, 0.9499626376535651, 0.9759803568137558, 0.9679352840478929, 0.9608482101855161, 0.9581389528536522, 0.9759885760484277, 0.9694365611948573, 0.9774951475954778, 0.9759899886686427, 0.9581389528536522, 0.9614145022848744, 0.9769935601299359, 0.98000129105256, 0.9586385375721223, 0.9910058315799557, 0.9709565954336142, 0.9885061000243661, 0.9591531285234411, 0.9591531285234411, 0.9779935289004303, 0.9591531285234411, 0.9769863317935377, 0.9835028063435841, 0.960820804741643, 0.9724551275384088, 0.9704382536233515, 0.9845081890791532, 0.9648619476243632, 0.9749768737326237, 0.971951209772633, 0.9729648197864625, 0.9825014322218574, 0.9674064954922673, 0.9586385375721223, 0.9784919045257697, 0.9834987878510281, 0.9789902791402374, 0.9789934976709246, 0.9870052800518478, 0.9834987878510281, 0.9684179926079822, 0.9734680932894941, 0.9653694407301291, 0.9794949664750922, 0.9930048077445686, 0.9734623904011844, 0.9596673352689994, 0.9596673352689994, 0.9724613649910202, 0.9900054227842233, 0.9739657450640457, 0.9769822987745937, 0.9734623904011844]
VALIDATION MACRO F1: [0.6507563157269896, 0.8491366220001666, 0.9407132917332481, 0.9487813759547745, 0.975897646921819, 0.967852574155956, 0.9605173644143716, 0.9580562429617153, 0.9759058661564909, 0.9695198251415684, 0.977578411542189, 0.9760732526153537, 0.9580562429617153, 0.9614977662315856, 0.977076824076647, 0.9800845549992712, 0.9587218015188335, 0.9910890955266668, 0.9710398593803253, 0.9885893639710772, 0.9592363924701524, 0.9592363924701524, 0.9780767928471412, 0.9592363924701524, 0.9770695957402488, 0.983586070290295, 0.9609040686883541, 0.9725383914851198, 0.9705215175700624, 0.9845914530258643, 0.9649452115710743, 0.9750601376793349, 0.9720344737193441, 0.9730480837331736, 0.9825846961685685, 0.9674897594389785, 0.9587218015188335, 0.9785751684724808, 0.983582051797739, 0.9790735430869486, 0.9790767616176357, 0.9870885439985588, 0.983582051797739, 0.9685012565546934, 0.9735513572362052, 0.9654527046768401, 0.9795782304218033, 0.9930880716912796, 0.9735456543478953, 0.9597505992157105, 0.9597505992157105, 0.9725446289377313, 0.9900886867309346, 0.9740490090107569, 0.977065562721305, 0.9735456543478953]
Validation Precision: [0.7309084272849711, 0.8765475802402475, 0.9423264808596, 0.9520738577262831, 0.9767930672814091, 0.9695936100278632, 0.9636951944163596, 0.9653226538823553, 0.9765776310947795, 0.9711000214658785, 0.9778974131860562, 0.9765269295595803, 0.9653226538823553, 0.9636958676317172, 0.9774385897270329, 0.9802220992200954, 0.9658209982669217, 0.9911030474050658, 0.9722239952210305, 0.9885181513647032, 0.9661674986134221, 0.9661674986134221, 0.9784397145864254, 0.9661674986134221, 0.9776275523311205, 0.9836408282035399, 0.9641766519314999, 0.9738064660149672, 0.9721080885193273, 0.9847384456980193, 0.9677945662571745, 0.9758456992765643, 0.9733791780570985, 0.9740943278817148, 0.9826927143261268, 0.9696131914973172, 0.9658209982669217, 0.9789845174074381, 0.9844097542989891, 0.979531843963912, 0.9794408394458181, 0.9870285771646021, 0.9844097542989891, 0.9704379417995872, 0.9745293639590461, 0.9681938949812818, 0.9798991875428519, 0.9931014506783556, 0.9746665112318242, 0.9665154457254611, 0.9665154457254611, 0.9736611392065204, 0.9900216743722826, 0.9750992962647318, 0.977735573730793, 0.9746665112318242]
Validation Recall: [0.7815, 0.8675, 0.942, 0.95, 0.976, 0.968, 0.961, 0.9585, 0.976, 0.9695, 0.9775, 0.976, 0.9585, 0.9615, 0.977, 0.98, 0.959, 0.991, 0.971, 0.9885, 0.9595, 0.9595, 0.978, 0.9595, 0.977, 0.9835, 0.961, 0.9725, 0.9705, 0.9845, 0.965, 0.975, 0.972, 0.973, 0.9825, 0.9675, 0.959, 0.9785, 0.9835, 0.979, 0.979, 0.987, 0.9835, 0.9685, 0.9735, 0.9655, 0.9795, 0.993, 0.9735, 0.96, 0.96, 0.9725, 0.99, 0.974, 0.977, 0.9735]
Validation Loss Min: 0.0686
Validation Accuracy Max: 0.9930
Validation F1 Max: 0.9930
VALIDATION MACRO F1 Max: 0.9931

--- MODEL CONFIGURATION ---
PATIENCE: 15
MAX EPOCHS: 100
EPOCHS RUN: 56

--- CLASSIFICATION REPORT ---
              precision    recall  f1-score   support

           0       1.00      1.00      1.00       300
           1       0.96      0.97      0.97       200
           2       1.00      0.99      1.00       200
           3       0.97      0.96      0.97       200
           4       1.00      0.99      0.99       100

    accuracy                           0.99      1000
   macro avg       0.99      0.98      0.99      1000
weighted avg       0.99      0.99      0.99      1000
