PARAMS: {'batch_size': 128, 'learning_rate': 0.001, 'dropout_rate': 0.4, 'n_hidden_layers': 3, 'first_layer_nodes': 256, 'epochs': 100, 'patience': 15}
ACCURACY:  0.9840
F1 SCORE:  0.9840
MACRO F1-SCORE: 0.9820
PRECISION: 0.9840
RECALL:    0.9840
TEST LOSS: 0.0718
Validation Loss: [0.5556461215019226, 0.385795921087265, 0.20275673270225525, 0.15191739797592163, 0.15334849059581757, 0.10044495761394501, 0.08894844353199005, 0.09107595682144165, 0.07957891374826431, 0.07867424935102463, 0.08231484889984131, 0.07170894742012024, 0.09115127474069595, 0.1003418117761612, 0.10904448479413986, 0.06620987504720688, 0.06706655025482178, 0.06570236384868622, 0.07472799718379974, 0.09046822041273117, 0.06847897171974182, 0.08110695332288742, 0.16483083367347717, 0.0705992802977562, 0.06673917919397354, 0.09246097505092621, 0.07450668513774872, 0.06481573730707169, 0.07112277299165726, 0.09084970504045486, 0.07064802199602127, 0.06684373319149017, 0.062475740909576416, 0.08372420817613602, 0.07751069962978363, 0.06679575145244598, 0.06929504871368408, 0.06993541121482849, 0.0642966702580452, 0.06722643971443176, 0.06809376180171967, 0.06583235412836075, 0.11899154633283615, 0.07337301969528198, 0.09482407569885254, 0.0716613382101059, 0.06206035614013672, 0.06810318678617477, 0.05907004326581955, 0.06568390876054764, 0.11997410655021667, 0.09225177764892578, 0.065335713326931, 0.06795649975538254, 0.07740090787410736, 0.06450556963682175, 0.06901813298463821, 0.07265513390302658, 0.0617925263941288, 0.0927361324429512, 0.11396301537752151, 0.07294200360774994, 0.06923602521419525, 0.058644842356443405, 0.06407303363084793, 0.0725497156381607, 0.057694967836141586, 0.06828475743532181, 0.0743711069226265, 0.09379342198371887, 0.06471581757068634, 0.07748231291770935, 0.057106323540210724, 0.0666567012667656, 0.06670461595058441, 0.06119775027036667, 0.06161004677414894, 0.0630832314491272, 0.06314538419246674, 0.08806029707193375, 0.07832041382789612, 0.05727008357644081, 0.08179996907711029, 0.0628911629319191, 0.06037595123052597, 0.06959030777215958, 0.08149364590644836, 0.06651610881090164]
Validation Accuracy: [0.7825000286102295, 0.8615000247955322, 0.8934999704360962, 0.9495000243186951, 0.9229999780654907, 0.9620000123977661, 0.9670000076293945, 0.9610000252723694, 0.9695000052452087, 0.9674999713897705, 0.9679999947547913, 0.9750000238418579, 0.9589999914169312, 0.9564999938011169, 0.9539999961853027, 0.9760000109672546, 0.9819999933242798, 0.9745000004768372, 0.9639999866485596, 0.9585000276565552, 0.9674999713897705, 0.9624999761581421, 0.9079999923706055, 0.9745000004768372, 0.9789999723434448, 0.9614999890327454, 0.9660000205039978, 0.9700000286102295, 0.968999981880188, 0.9599999785423279, 0.9775000214576721, 0.9894999861717224, 0.9764999747276306, 0.9610000252723694, 0.9645000100135803, 0.9750000238418579, 0.9710000157356262, 0.968999981880188, 0.9785000085830688, 0.9764999747276306, 0.9695000052452087, 0.9735000133514404, 0.9459999799728394, 0.9649999737739563, 0.9585000276565552, 0.968500018119812, 0.9794999957084656, 0.9700000286102295, 0.9785000085830688, 0.9785000085830688, 0.9484999775886536, 0.9574999809265137, 0.9645000100135803, 0.9700000286102295, 0.965499997138977, 0.9904999732971191, 0.9710000157356262, 0.9645000100135803, 0.9679999947547913, 0.9580000042915344, 0.9380000233650208, 0.9710000157356262, 0.9704999923706055, 0.9804999828338623, 0.965499997138977, 0.9710000157356262, 0.9869999885559082, 0.9649999737739563, 0.9649999737739563, 0.9635000228881836, 0.9775000214576721, 0.9629999995231628, 0.9819999933242798, 0.9800000190734863, 0.9700000286102295, 0.9884999990463257, 0.9794999957084656, 0.9660000205039978, 0.9789999723434448, 0.9585000276565552, 0.9629999995231628, 0.9769999980926514, 0.9649999737739563, 0.972000002861023, 0.9704999923706055, 0.972000002861023, 0.9610000252723694, 0.9764999747276306]
Validation F1: [0.750162919602105, 0.8617309856873457, 0.8931489007969432, 0.9495323310475393, 0.9216890569544035, 0.9619703345031705, 0.9669640532596963, 0.9607984060741557, 0.9694500727783024, 0.9674110154131765, 0.9679100529757172, 0.9749770946913306, 0.9587404455922536, 0.9561614573881014, 0.9535662176709916, 0.9759865789343505, 0.9820038171413569, 0.9744790587066465, 0.96385443640585, 0.958245213806524, 0.967392865377051, 0.9622608910710424, 0.9032225914064747, 0.9744792586521233, 0.9790069343074004, 0.9612088486972636, 0.9659229276501883, 0.9699173954235303, 0.9689067644827218, 0.9597396465908047, 0.9774771938011638, 0.9895044795206428, 0.9764757785570073, 0.96077390571101, 0.9643381253539072, 0.9749870039936877, 0.9709317907253894, 0.9688972994172192, 0.9784990966226653, 0.9764799720290886, 0.9694125891287574, 0.9734511566698518, 0.9452518707793499, 0.9648918680725841, 0.958230319810913, 0.9684365949456206, 0.9794862782381324, 0.9699139749906867, 0.9784820321538953, 0.9785041027050274, 0.9478399780015274, 0.9571381776039962, 0.9642798990461966, 0.9699293813451889, 0.965359022431129, 0.9905047018053634, 0.9709494796501629, 0.9643429951338288, 0.967978218289692, 0.9576856380266847, 0.9366464836918021, 0.9709207640095076, 0.9704193893130525, 0.9804899699788605, 0.9653008624432915, 0.9709170091690762, 0.9869944614735543, 0.9647545284263315, 0.9647905448610797, 0.9634475865560523, 0.9774809272874044, 0.9628028120830515, 0.9819944143710948, 0.9799943519081818, 0.9699181794502693, 0.9885040793638042, 0.9794862782381324, 0.9658108568147286, 0.97898422685769, 0.9581659284847931, 0.9628117412945157, 0.9769749831097445, 0.9647905448610797, 0.9719708683770111, 0.9703946315893275, 0.9719159370012842, 0.9607457580423137, 0.9765140748233904]
Validation Precision: [0.7346248657682681, 0.8707738933937166, 0.9000496946383888, 0.950049784177329, 0.9308143538495492, 0.963225925802063, 0.9679952182004165, 0.9647911338448422, 0.9709679139608911, 0.9704355990367376, 0.9702483090906657, 0.9759959968614703, 0.9635451137613689, 0.9618127834446918, 0.9603338337966488, 0.9766882489250177, 0.9822017833694705, 0.9752689225277288, 0.967038969783004, 0.9628923692731787, 0.9698688219678481, 0.9680136929114135, 0.9360479537644486, 0.9753547683199079, 0.979123222388463, 0.9675697144529454, 0.9683494143433667, 0.9728265293740358, 0.97122862916517, 0.9644220955309291, 0.9784181955101551, 0.9895361575958591, 0.9774879302009056, 0.9650622736050235, 0.967699182722859, 0.9756248037625794, 0.9727472747274727, 0.9714293390393238, 0.9788227813271771, 0.9772059794214716, 0.9716373190228633, 0.9749695833954176, 0.9549208983179333, 0.9674100165366528, 0.9630000786182134, 0.9700703901976422, 0.9801883448838412, 0.9721043437474631, 0.9792993541478695, 0.9786954682666148, 0.9566697853816387, 0.9631718450048754, 0.9697152535196358, 0.9718431207529277, 0.968414720187598, 0.9905196079033489, 0.9724627639166462, 0.9676254628527945, 0.9691794129563049, 0.9630331118218205, 0.9522666059709419, 0.9738414169255086, 0.9725149689314967, 0.9810852861662642, 0.97044265850236, 0.9731165919507225, 0.9874810789349612, 0.9699500719302699, 0.9700781805259416, 0.9651836761796658, 0.9783652165672583, 0.9667012635407687, 0.9824990871383675, 0.9804963367945746, 0.9720477218721294, 0.9885619669769985, 0.9801883448838412, 0.9708086974122961, 0.9797428631490436, 0.9638955675395005, 0.9665320542626544, 0.9778863958147398, 0.9700781805259416, 0.9729595175878897, 0.9732523262178435, 0.975086715315862, 0.9654482950056583, 0.9766367898515036]
Validation Recall: [0.7825, 0.8615, 0.8935, 0.9495, 0.923, 0.962, 0.967, 0.961, 0.9695, 0.9675, 0.968, 0.975, 0.959, 0.9565, 0.954, 0.976, 0.982, 0.9745, 0.964, 0.9585, 0.9675, 0.9625, 0.908, 0.9745, 0.979, 0.9615, 0.966, 0.97, 0.969, 0.96, 0.9775, 0.9895, 0.9765, 0.961, 0.9645, 0.975, 0.971, 0.969, 0.9785, 0.9765, 0.9695, 0.9735, 0.946, 0.965, 0.9585, 0.9685, 0.9795, 0.97, 0.9785, 0.9785, 0.9485, 0.9575, 0.9645, 0.97, 0.9655, 0.9905, 0.971, 0.9645, 0.968, 0.958, 0.938, 0.971, 0.9705, 0.9805, 0.9655, 0.971, 0.987, 0.965, 0.965, 0.9635, 0.9775, 0.963, 0.982, 0.98, 0.97, 0.9885, 0.9795, 0.966, 0.979, 0.9585, 0.963, 0.977, 0.965, 0.972, 0.9705, 0.972, 0.961, 0.9765]
Validation Loss Min: 0.0571
Validation Accuracy Max: 0.9905
Validation F1 Max: 0.9905

--- MODEL CONFIGURATION ---
FIRST LAYER NODES: 256
HIDDEN LAYERS: 3
PATIENCE: 15
MAX EPOCHS: 100
EPOCHS RUN: 87

--- CLASSIFICATION REPORT ---
              precision    recall  f1-score   support

           0       1.00      1.00      1.00       300
           1       0.97      0.97      0.97       200
           2       0.99      0.99      0.99       200
           3       0.96      0.96      0.96       200
           4       0.99      0.99      0.99       100

    accuracy                           0.98      1000
   macro avg       0.98      0.98      0.98      1000
weighted avg       0.98      0.98      0.98      1000

VALIDATION MACRO F1: 0.9817
