PARAMS: {'batch_size': 32, 'learning_rate': 0.001, 'dropout_rate': 0.2, 'n_hidden_layers': 3, 'first_layer_nodes': 64, 'epochs': 100, 'patience': 15}
ACCURACY:  0.9850
F1 SCORE:  0.9850
MACRO F1-SCORE: 0.9840
PRECISION: 0.9851
RECALL:    0.9850
TEST LOSS: 0.0804
Validation Loss: [0.5414943695068359, 0.28401073813438416, 0.174235999584198, 0.14096078276634216, 0.11843987554311752, 0.12081864476203918, 0.09377323091030121, 0.09314999729394913, 0.11700863391160965, 0.13584038615226746, 0.07525551319122314, 0.08176731318235397, 0.07253479957580566, 0.06723660975694656, 0.08099055290222168, 0.0747428834438324, 0.08057180792093277, 0.06792733818292618, 0.06707973033189774, 0.10318837314844131, 0.0955439880490303, 0.18786825239658356, 0.06930089741945267, 0.06384654343128204, 0.07930589467287064, 0.07169146835803986, 0.06818448007106781, 0.09167661517858505, 0.06485433131456375, 0.08516117185354233, 0.07289586961269379, 0.06685574352741241, 0.09473390877246857, 0.11121908575296402, 0.09280689805746078, 0.09319641441106796, 0.0715455487370491, 0.08532366901636124, 0.08383902907371521]
Validation Accuracy: [0.784500002861023, 0.8880000114440918, 0.9564999938011169, 0.9605000019073486, 0.9620000123977661, 0.9679999947547913, 0.9620000123977661, 0.9629999995231628, 0.9555000066757202, 0.9509999752044678, 0.9779999852180481, 0.9639999866485596, 0.9704999923706055, 0.972000002861023, 0.9674999713897705, 0.9629999995231628, 0.9825000166893005, 0.9695000052452087, 0.9754999876022339, 0.9559999704360962, 0.9595000147819519, 0.940500020980835, 0.9800000190734863, 0.984000027179718, 0.9639999866485596, 0.9695000052452087, 0.9700000286102295, 0.9589999914169312, 0.9739999771118164, 0.9614999890327454, 0.968500018119812, 0.968500018119812, 0.9564999938011169, 0.9570000171661377, 0.9614999890327454, 0.9605000019073486, 0.9674999713897705, 0.9649999737739563, 0.9629999995231628]
Validation F1: [0.7532353002193747, 0.8876925599398975, 0.9565151294826951, 0.9605165202261147, 0.9618048240303276, 0.967908945623418, 0.9618181955206958, 0.9629403747748339, 0.9550450186355972, 0.9504837568337217, 0.9779975782713595, 0.9638495626480503, 0.9704297827974874, 0.9719126523091889, 0.9673734257991595, 0.9627722084592185, 0.9824982340002048, 0.969424283341479, 0.9754655882376713, 0.9556448025955542, 0.9592059208959844, 0.9395570884236115, 0.9800080648192293, 0.9839990716947483, 0.9638703700939694, 0.9694083300497182, 0.9699139749906867, 0.9587364406198193, 0.9739550462218218, 0.9612963638230646, 0.9684051559441498, 0.9684021363111324, 0.9561742309731758, 0.9566237439893437, 0.9612826637824835, 0.9602171076460156, 0.9673773249182424, 0.9647905448610797, 0.9627994298482827]
Validation Precision: [0.7301967550726052, 0.8950139813895999, 0.9569805505837388, 0.9613885918003565, 0.965658425705537, 0.9710245383285158, 0.965411054958897, 0.9648614998254763, 0.963280948218025, 0.958097799220117, 0.9784044552964851, 0.9669673826525351, 0.9732572102227275, 0.97445108612056, 0.9702943437120986, 0.9683735475301476, 0.9834750042927703, 0.9714284593555278, 0.9766789108978653, 0.961436370722628, 0.964432249755551, 0.9505609336297673, 0.9800919994783492, 0.9842889510986527, 0.9666570881226055, 0.971695452501414, 0.9721043437474631, 0.9635280655627791, 0.9753941552761517, 0.9653372753095553, 0.9706826340174768, 0.9707882825867143, 0.9616783604161366, 0.9628121191071147, 0.965379022881076, 0.9653603754035333, 0.9702253256996615, 0.9700781805259416, 0.9668470835854799]
Validation Recall: [0.7845, 0.888, 0.9565, 0.9605, 0.962, 0.968, 0.962, 0.963, 0.9555, 0.951, 0.978, 0.964, 0.9705, 0.972, 0.9675, 0.963, 0.9825, 0.9695, 0.9755, 0.956, 0.9595, 0.9405, 0.98, 0.984, 0.964, 0.9695, 0.97, 0.959, 0.974, 0.9615, 0.9685, 0.9685, 0.9565, 0.957, 0.9615, 0.9605, 0.9675, 0.965, 0.963]
Validation Loss Min: 0.0638
Validation Accuracy Max: 0.9840
Validation F1 Max: 0.9840

--- MODEL CONFIGURATION ---
FIRST LAYER NODES: 64
HIDDEN LAYERS: 3
PATIENCE: 15
MAX EPOCHS: 100
EPOCHS RUN: 38

--- CLASSIFICATION REPORT ---
              precision    recall  f1-score   support

           0       1.00      1.00      1.00       300
           1       0.97      0.97      0.97       200
           2       0.99      0.99      0.99       200
           3       0.97      0.97      0.97       200
           4       1.00      0.99      0.99       100

    accuracy                           0.98      1000
   macro avg       0.99      0.98      0.98      1000
weighted avg       0.99      0.98      0.99      1000

VALIDATION MACRO F1: 0.9838
