PARAMS: {'batch_size': 128, 'learning_rate': 0.001, 'dropout_rate': 0.3, 'n_hidden_layers': 3, 'first_layer_nodes': 128, 'epochs': 100, 'patience': 15}
ACCURACY:  0.9780
F1 SCORE:  0.9780
MACRO F1-SCORE: 0.9780
PRECISION: 0.9781
RECALL:    0.9780
TEST LOSS: 0.0798
Validation Loss: [0.6291587352752686, 0.40573278069496155, 0.27856898307800293, 0.19849851727485657, 0.15431492030620575, 0.12079355120658875, 0.11489859968423843, 0.11410537362098694, 0.09189780056476593, 0.08327324688434601, 0.09211694449186325, 0.07591331005096436, 0.07545410096645355, 0.07374371588230133, 0.07855654507875443, 0.0732850655913353, 0.06798998266458511, 0.06893159449100494, 0.0870550200343132, 0.09749221801757812, 0.06301992386579514, 0.06546612083911896, 0.06974988430738449, 0.06606344878673553, 0.06757685542106628, 0.08729753643274307, 0.06487440317869186, 0.06130644306540489, 0.06330431997776031, 0.06585834920406342, 0.06569154560565948, 0.07287678867578506, 0.06897831708192825, 0.08426664024591446, 0.0694907158613205, 0.07919926196336746, 0.06388488411903381, 0.09662622958421707, 0.06741388887166977, 0.08935066312551498, 0.06945100426673889, 0.07041148096323013, 0.0659751370549202]
Validation Accuracy: [0.7584999799728394, 0.8569999933242798, 0.9235000014305115, 0.8889999985694885, 0.9599999785423279, 0.9695000052452087, 0.9580000042915344, 0.9505000114440918, 0.9629999995231628, 0.9769999980926514, 0.9614999890327454, 0.9750000238418579, 0.9745000004768372, 0.9789999723434448, 0.9674999713897705, 0.9700000286102295, 0.9850000143051147, 0.9714999794960022, 0.9620000123977661, 0.9599999785423279, 0.9800000190734863, 0.9700000286102295, 0.972000002861023, 0.972000002861023, 0.987500011920929, 0.9629999995231628, 0.9739999771118164, 0.9810000061988831, 0.9764999747276306, 0.9764999747276306, 0.9764999747276306, 0.9679999947547913, 0.9745000004768372, 0.9635000228881836, 0.9670000076293945, 0.965499997138977, 0.9729999899864197, 0.9549999833106995, 0.9635000228881836, 0.9614999890327454, 0.9639999866485596, 0.9700000286102295, 0.9735000133514404]
Validation F1: [0.7280580280252904, 0.8573045177213455, 0.9242300419089389, 0.8881889173747538, 0.9599307168513773, 0.9694183509319184, 0.9577183594240934, 0.949969336039221, 0.962954651517639, 0.976982977877059, 0.9613080969191685, 0.9749838024276603, 0.9744743096463451, 0.9790113843683589, 0.9673773249182424, 0.9699319649825004, 0.9850076380769519, 0.9714008892225197, 0.9617629936688659, 0.9597145452420428, 0.9799946134575778, 0.969908551930662, 0.9719440233998391, 0.9719382942714644, 0.9875087513633588, 0.962798320658015, 0.9739763602359996, 0.9809964519752657, 0.9764833531228941, 0.9765149696749219, 0.9765158001639643, 0.9679041499194478, 0.9744792586521233, 0.963257602578047, 0.9668701525643891, 0.9653345928274997, 0.9729647753206839, 0.9545085037317464, 0.963283187539192, 0.9612088486972636, 0.9637689199662232, 0.969926607884421, 0.9734473031426166]
Validation Precision: [0.7091856311754884, 0.8668614934138051, 0.9390364508834798, 0.8967147705771819, 0.9632738491309438, 0.9716682349034151, 0.9626263144612107, 0.9575346164886261, 0.9648421516359781, 0.977877483064844, 0.9651754739041266, 0.9755439163866737, 0.9754795305268633, 0.9791051640450864, 0.9702253256996615, 0.9718933972737925, 0.985032577095072, 0.9749410840534172, 0.9674003163028166, 0.9659685814433895, 0.9804436199206443, 0.9730542878210001, 0.9736332916695689, 0.9737067182345638, 0.9875881034879487, 0.9667848370514802, 0.9749917970244489, 0.9812331244388237, 0.9770987071053175, 0.9765469048502655, 0.9765888181629248, 0.9702168183902066, 0.9753547683199079, 0.9689940129859178, 0.9698273094299782, 0.9688806362569119, 0.9741755802751678, 0.9631016695662791, 0.9687349334451314, 0.9675697144529454, 0.9693538676046519, 0.9718641255964472, 0.9750158519076373]
Validation Recall: [0.7585, 0.857, 0.9235, 0.889, 0.96, 0.9695, 0.958, 0.9505, 0.963, 0.977, 0.9615, 0.975, 0.9745, 0.979, 0.9675, 0.97, 0.985, 0.9715, 0.962, 0.96, 0.98, 0.97, 0.972, 0.972, 0.9875, 0.963, 0.974, 0.981, 0.9765, 0.9765, 0.9765, 0.968, 0.9745, 0.9635, 0.967, 0.9655, 0.973, 0.955, 0.9635, 0.9615, 0.964, 0.97, 0.9735]
Validation Loss Min: 0.0613
Validation Accuracy Max: 0.9875
Validation F1 Max: 0.9875

--- MODEL CONFIGURATION ---
FIRST LAYER NODES: 128
HIDDEN LAYERS: 3
PATIENCE: 15
MAX EPOCHS: 100
EPOCHS RUN: 42

--- CLASSIFICATION REPORT ---
              precision    recall  f1-score   support

           0       1.00      1.00      1.00       300
           1       0.95      0.96      0.96       200
           2       0.99      0.99      0.99       200
           3       0.96      0.94      0.95       200
           4       0.98      0.99      0.99       100

    accuracy                           0.98      1000
   macro avg       0.98      0.98      0.98      1000
weighted avg       0.98      0.98      0.98      1000

VALIDATION MACRO F1: 0.9806
