PARAMS: {'batch_size': 32, 'learning_rate': 0.001, 'dropout_rate': 0.4, 'n_hidden_layers': 3, 'first_layer_nodes': 128, 'epochs': 100, 'patience': 15}
ACCURACY:  0.9870
F1 SCORE:  0.9870
MACRO F1-SCORE: 0.9860
PRECISION: 0.9872
RECALL:    0.9870
TEST LOSS: 0.0859
Validation Loss: [0.47112584114074707, 0.2600569725036621, 0.16355298459529877, 0.15797637403011322, 0.1280808448791504, 0.10915862023830414, 0.09147844463586807, 0.08461273461580276, 0.09368475526571274, 0.07523015886545181, 0.08508274704217911, 0.08043792098760605, 0.07948734611272812, 0.08328091353178024, 0.09082388132810593, 0.07218670845031738, 0.07426536828279495, 0.07710204273462296, 0.0904194638133049, 0.08563511073589325, 0.06939457356929779, 0.0697803646326065, 0.07713078707456589, 0.06648000329732895, 0.0640406534075737, 0.07264076918363571, 0.06709554046392441, 0.07446009665727615, 0.06700829416513443, 0.10624191164970398, 0.062286801636219025, 0.09468336403369904, 0.08002002537250519, 0.07341393083333969, 0.065700002014637, 0.09113667905330658, 0.08841210603713989, 0.07017165422439575, 0.07076475024223328, 0.06959189474582672, 0.08484522253274918, 0.08269517868757248, 0.07540054619312286, 0.06372274458408356, 0.08225497603416443, 0.11451351642608643]
Validation Accuracy: [0.7854999899864197, 0.9240000247955322, 0.9514999985694885, 0.9229999780654907, 0.9639999866485596, 0.9545000195503235, 0.9639999866485596, 0.968999981880188, 0.9595000147819519, 0.972000002861023, 0.9695000052452087, 0.9639999866485596, 0.9639999866485596, 0.9729999899864197, 0.9574999809265137, 0.9745000004768372, 0.9695000052452087, 0.965499997138977, 0.9605000019073486, 0.9605000019073486, 0.9725000262260437, 0.9815000295639038, 0.9649999737739563, 0.9754999876022339, 0.9729999899864197, 0.965499997138977, 0.9794999957084656, 0.9760000109672546, 0.9825000166893005, 0.9524999856948853, 0.9904999732971191, 0.9595000147819519, 0.968500018119812, 0.9700000286102295, 0.9789999723434448, 0.9595000147819519, 0.9610000252723694, 0.9760000109672546, 0.968500018119812, 0.9729999899864197, 0.9639999866485596, 0.9629999995231628, 0.9700000286102295, 0.9714999794960022, 0.9629999995231628, 0.9449999928474426]
Validation F1: [0.7525249180069342, 0.9242567588460503, 0.9515329781532692, 0.921659373576727, 0.9638875240581484, 0.9540861414726988, 0.9640004309237806, 0.9688972994172192, 0.9592371727034126, 0.9719586969332168, 0.9694020603839726, 0.9639574689447428, 0.9638345591717139, 0.9729916581472386, 0.9571921469028373, 0.9744790587066465, 0.9694097898340028, 0.9653562451254074, 0.9602461170035126, 0.9603026281114817, 0.972448309264357, 0.9814931452362976, 0.9649693145362707, 0.9754655882376713, 0.972955645444227, 0.9653252278580698, 0.9794862782381324, 0.9759687426353709, 0.9824976079819034, 0.9519959909084621, 0.9905047018053634, 0.9591922249376778, 0.9684007006608766, 0.969909379045996, 0.9789879536257052, 0.9592229536842649, 0.9607709793597478, 0.9760153848903544, 0.9684051559441498, 0.9729523945731926, 0.9638077394282482, 0.9627588404813878, 0.969909379045996, 0.9714295454777773, 0.9627225976284501, 0.9446555992229176]
Validation Precision: [0.7347662119375761, 0.927930669037638, 0.9519383056923238, 0.9310378957665661, 0.9672495927502702, 0.9605666972386578, 0.964638498157408, 0.9714293390393238, 0.9640280655627792, 0.9731242327131264, 0.9726632487753566, 0.9656335079274083, 0.9672332274554003, 0.9737795355035218, 0.9624398682074289, 0.9752689225277288, 0.9725617012489101, 0.9685436007958601, 0.9648901770292581, 0.9641532337927023, 0.974054242285997, 0.9819902985385611, 0.9665078779667821, 0.9766789108978653, 0.9750387625788985, 0.9700275661206674, 0.9801883448838412, 0.9771108886462, 0.9827039278059233, 0.9594164034621617, 0.9905196079033489, 0.9646250507739244, 0.9708216397253864, 0.9722404399401339, 0.9796336121305289, 0.9641429140888509, 0.9652199573168059, 0.9760385792943385, 0.9706826340174768, 0.9744769968233276, 0.9677225564133939, 0.9685014264138279, 0.9722404399401339, 0.9733414720586379, 0.9683735475301476, 0.9495012031066696]
Validation Recall: [0.7855, 0.924, 0.9515, 0.923, 0.964, 0.9545, 0.964, 0.969, 0.9595, 0.972, 0.9695, 0.964, 0.964, 0.973, 0.9575, 0.9745, 0.9695, 0.9655, 0.9605, 0.9605, 0.9725, 0.9815, 0.965, 0.9755, 0.973, 0.9655, 0.9795, 0.976, 0.9825, 0.9525, 0.9905, 0.9595, 0.9685, 0.97, 0.979, 0.9595, 0.961, 0.976, 0.9685, 0.973, 0.964, 0.963, 0.97, 0.9715, 0.963, 0.945]
Validation Loss Min: 0.0623
Validation Accuracy Max: 0.9905
Validation F1 Max: 0.9905

--- MODEL CONFIGURATION ---
FIRST LAYER NODES: 128
HIDDEN LAYERS: 3
PATIENCE: 15
MAX EPOCHS: 100
EPOCHS RUN: 45

--- CLASSIFICATION REPORT ---
              precision    recall  f1-score   support

           0       1.00      1.00      1.00       300
           1       0.96      0.99      0.98       200
           2       0.99      0.99      0.99       200
           3       0.98      0.96      0.97       200
           4       0.99      0.99      0.99       100

    accuracy                           0.99      1000
   macro avg       0.99      0.99      0.99      1000
weighted avg       0.99      0.99      0.99      1000

VALIDATION MACRO F1: 0.9903
