PARAMS: {'batch_size': 128, 'learning_rate': 0.01, 'dropout_rate': 0.3, 'n_hidden_layers': 3, 'first_layer_nodes': 256, 'epochs': 100, 'patience': 15}
ACCURACY:  0.9750
F1 SCORE:  0.9750
MACRO F1-SCORE: 0.9740
PRECISION: 0.9753
RECALL:    0.9750
TEST LOSS: 0.1107
Validation Loss: [0.3175966441631317, 0.17209650576114655, 0.1414383500814438, 0.13688217103481293, 0.13605394959449768, 0.16051433980464935, 0.13620422780513763, 0.12884560227394104, 0.12097816169261932, 0.16414164006710052, 0.22926004230976105, 0.1371275931596756, 0.11032487452030182, 0.1837134212255478, 0.14583730697631836, 0.08874469250440598, 0.204742431640625, 0.15250113606452942, 0.14969074726104736, 0.20391173660755157, 0.14893637597560883, 0.12115146964788437, 0.1976005584001541, 0.28302744030952454, 0.2349965125322342, 0.12129754573106766, 0.155376136302948, 0.13731315732002258, 0.1580529510974884, 0.16046564280986786, 0.22744332253932953]
Validation Accuracy: [0.875, 0.9495000243186951, 0.9514999985694885, 0.9369999766349792, 0.9279999732971191, 0.9294999837875366, 0.940500020980835, 0.953000009059906, 0.9480000138282776, 0.9290000200271606, 0.8955000042915344, 0.9564999938011169, 0.9514999985694885, 0.9455000162124634, 0.9359999895095825, 0.9629999995231628, 0.9380000233650208, 0.9300000071525574, 0.9445000290870667, 0.9259999990463257, 0.9359999895095825, 0.9480000138282776, 0.9340000152587891, 0.906000018119812, 0.9254999756813049, 0.9645000100135803, 0.9315000176429749, 0.9430000185966492, 0.9455000162124634, 0.9430000185966492, 0.9355000257492065]
Validation F1: [0.8745942971571133, 0.9495700298736507, 0.9510260732304467, 0.9357034271919118, 0.9276614091619944, 0.9276329863053111, 0.9396466858844204, 0.9528207409560288, 0.9473173998854186, 0.9271322542217176, 0.8885862634167708, 0.9565032416874045, 0.9509388271386431, 0.9450254089913879, 0.9346008391442631, 0.9628609349517899, 0.9368142338636657, 0.9281265904395043, 0.9436261921018585, 0.9239104899432558, 0.9351832281461354, 0.9475928440691809, 0.932570493691718, 0.9011505989844002, 0.9232780569320568, 0.9645056757614693, 0.9298391169875102, 0.9420749317941481, 0.9447283829350943, 0.9421034899813892, 0.9340619445561238]
Validation Precision: [0.8836512295350653, 0.9511950613637269, 0.9581028240257449, 0.9495911189360732, 0.9320916168449092, 0.9449931667888727, 0.9507751201092673, 0.9591146795674996, 0.956412234964441, 0.9444931667888727, 0.9285702567713122, 0.9610631253664522, 0.9589461109420397, 0.9539096392828367, 0.9490687744532279, 0.9660777779050752, 0.949749459875228, 0.9455761282342925, 0.954252986564185, 0.9426764360434368, 0.9487228053363679, 0.9564338580058661, 0.9474063082130958, 0.9325392852966854, 0.9432001154382759, 0.9679708299830251, 0.9460806951193889, 0.9531094646817745, 0.9545888306243998, 0.9529466101851224, 0.9488552335934388]
Validation Recall: [0.875, 0.9495, 0.9515, 0.937, 0.928, 0.9295, 0.9405, 0.953, 0.948, 0.929, 0.8955, 0.9565, 0.9515, 0.9455, 0.936, 0.963, 0.938, 0.93, 0.9445, 0.926, 0.936, 0.948, 0.934, 0.906, 0.9255, 0.9645, 0.9315, 0.943, 0.9455, 0.943, 0.9355]
Validation Loss Min: 0.0887
Validation Accuracy Max: 0.9645
Validation F1 Max: 0.9645

--- MODEL CONFIGURATION ---
FIRST LAYER NODES: 256
HIDDEN LAYERS: 3
PATIENCE: 15
MAX EPOCHS: 100
EPOCHS RUN: 30

--- CLASSIFICATION REPORT ---
              precision    recall  f1-score   support

           0       1.00      0.99      0.99       300
           1       0.96      0.94      0.95       200
           2       0.99      0.99      0.99       200
           3       0.93      0.96      0.95       200
           4       0.98      0.99      0.99       100

    accuracy                           0.97      1000
   macro avg       0.97      0.97      0.97      1000
weighted avg       0.98      0.97      0.98      1000

VALIDATION MACRO F1: 0.9620
