PARAMS: {'batch_size': 128, 'learning_rate': 0.001, 'dropout_rate': 0.2, 'n_hidden_layers': 3, 'first_layer_nodes': 128, 'epochs': 100, 'patience': 15}
ACCURACY:  0.9830
F1 SCORE:  0.9830
MACRO F1-SCORE: 0.9820
PRECISION: 0.9830
RECALL:    0.9830
TEST LOSS: 0.0695
Validation Loss: [0.6021374464035034, 0.4364986717700958, 0.2868698239326477, 0.17359720170497894, 0.1351526528596878, 0.12307018786668777, 0.09670526534318924, 0.08833490312099457, 0.0897061675786972, 0.08504089713096619, 0.09316539764404297, 0.07670847326517105, 0.07198503613471985, 0.10210196673870087, 0.07809552550315857, 0.08812589943408966, 0.06734636425971985, 0.0838245078921318, 0.0694945827126503, 0.06742796301841736, 0.07173813134431839, 0.06275377422571182, 0.06755207479000092, 0.06776190549135208, 0.10177928954362869, 0.07201575487852097, 0.06279495358467102, 0.06193850561976433, 0.06585460901260376, 0.06732485443353653, 0.0661885216832161, 0.06833650171756744, 0.06161976233124733, 0.07666949182748795, 0.06583625078201294, 0.07715608924627304, 0.07893253117799759, 0.07786459475755692, 0.07589015364646912, 0.09405847638845444, 0.06829069554805756, 0.09448972344398499, 0.055493246763944626, 0.061951298266649246, 0.08952443301677704, 0.057904116809368134, 0.07829798758029938, 0.06605642288923264, 0.06347551941871643, 0.054957665503025055, 0.06763152778148651, 0.0670895054936409, 0.06290340423583984, 0.12399174273014069, 0.06882105767726898, 0.058756135404109955, 0.0593423917889595, 0.07361147552728653, 0.08202191442251205, 0.05347277224063873, 0.056641384959220886, 0.0630359947681427, 0.06002064421772957, 0.07813604176044464, 0.14920812845230103, 0.07554062455892563, 0.06208403781056404, 0.09973399341106415, 0.05925804004073143, 0.09202387928962708, 0.06558477133512497, 0.05844002217054367, 0.06508203595876694, 0.056919701397418976, 0.055335961282253265]
Validation Accuracy: [0.7739999890327454, 0.781499981880188, 0.8799999952316284, 0.953499972820282, 0.9539999961853027, 0.9605000019073486, 0.9745000004768372, 0.9825000166893005, 0.9679999947547913, 0.9635000228881836, 0.9595000147819519, 0.9679999947547913, 0.9769999980926514, 0.9620000123977661, 0.968500018119812, 0.9610000252723694, 0.9819999933242798, 0.9624999761581421, 0.968999981880188, 0.9695000052452087, 0.9664999842643738, 0.9810000061988831, 0.9750000238418579, 0.9769999980926514, 0.9589999914169312, 0.9670000076293945, 0.9810000061988831, 0.9704999923706055, 0.9704999923706055, 0.9635000228881836, 0.9695000052452087, 0.9695000052452087, 0.972000002861023, 0.9635000228881836, 0.9645000100135803, 0.9639999866485596, 0.9649999737739563, 0.9639999866485596, 0.965499997138977, 0.9614999890327454, 0.9679999947547913, 0.9614999890327454, 0.9819999933242798, 0.9645000100135803, 0.9629999995231628, 0.9819999933242798, 0.9635000228881836, 0.9629999995231628, 0.9710000157356262, 0.9804999828338623, 0.9704999923706055, 0.9829999804496765, 0.9750000238418579, 0.9424999952316284, 0.9639999866485596, 0.9829999804496765, 0.9785000085830688, 0.965499997138977, 0.9649999737739563, 0.984000027179718, 0.9769999980926514, 0.9700000286102295, 0.9760000109672546, 0.9624999761581421, 0.9505000114440918, 0.9629999995231628, 0.9649999737739563, 0.9585000276565552, 0.9739999771118164, 0.9620000123977661, 0.9729999899864197, 0.9764999747276306, 0.968999981880188, 0.984499990940094, 0.9775000214576721]
Validation F1: [0.7404026998591451, 0.7497669881715504, 0.8804692442094427, 0.9536484160731354, 0.953602986961196, 0.9604839147059284, 0.9744790587066465, 0.9825045475361128, 0.9678921313657258, 0.9633705076533058, 0.9592518592392636, 0.9679290106393185, 0.9769907112353485, 0.9617629936688659, 0.9684053488769679, 0.9607571996583499, 0.9820038171413569, 0.9622608910710424, 0.9689214679432646, 0.9694092081861798, 0.9663911245411507, 0.981010461641968, 0.9749720311283663, 0.9770153580255175, 0.9587108629432157, 0.9668863499455997, 0.9810050459689117, 0.9704059196931845, 0.970404177715515, 0.9632701578695639, 0.9694034596573661, 0.9694125891287574, 0.9719382942714644, 0.9633122441315617, 0.9642798990461966, 0.963831451864829, 0.9648387616430179, 0.9638296216759947, 0.9653660034594355, 0.9612679563437098, 0.9679451072656181, 0.9612568876677222, 0.9819917166279909, 0.9642798990461966, 0.9627596897366467, 0.9819971691507697, 0.963257602578047, 0.9627722084592185, 0.9709205146847631, 0.9804986969523933, 0.9704299143928461, 0.9829985473265425, 0.9749666744071364, 0.9414081545277535, 0.9637689199662232, 0.9830043653761089, 0.9784926640597369, 0.9653562451254074, 0.9647905448610797, 0.9839968756273331, 0.9769745406536665, 0.9699247781947806, 0.9759778291466619, 0.9622608910710424, 0.9499215131185154, 0.9628028120830515, 0.9647905448610797, 0.958198426079073, 0.9739486447257959, 0.9617676908667524, 0.9729457158283332, 0.9764666136478352, 0.9689067644827218, 0.984499949839756, 0.9774725534786411]
Validation Precision: [0.7180042596355518, 0.7801864758830125, 0.887645783629187, 0.953930981323098, 0.9598646822713761, 0.9622828946141073, 0.9752689225277288, 0.9826747623473256, 0.9705337418485724, 0.9662003429707381, 0.9639194917254336, 0.9697695381783077, 0.9775869582905605, 0.9674003163028166, 0.9716829287008523, 0.965266058625567, 0.9822017833694705, 0.9680136929114135, 0.9710674017976251, 0.9726998262112942, 0.9690323922295354, 0.9810525496994144, 0.9761305685716957, 0.9771044976073718, 0.9637715115348421, 0.9694644464446445, 0.9812432100671702, 0.9736801462857986, 0.9739607639789128, 0.968861281032562, 0.9718340387698636, 0.9716373190228633, 0.9737067182345638, 0.967086480223581, 0.9697152535196358, 0.9673690175744968, 0.9682515340915558, 0.9673085546008702, 0.9684506138605248, 0.965643454578809, 0.969441414556624, 0.9658235321090402, 0.9825384139836774, 0.9697152535196358, 0.9683854648176682, 0.9823625572712349, 0.9689940129859178, 0.9683735475301476, 0.9730583964122154, 0.9808236806077525, 0.9723811307762068, 0.9839750042927703, 0.9762742738677246, 0.9551445109084925, 0.9693538676046519, 0.9832429853733153, 0.9790409130072557, 0.9685436007958601, 0.9700781805259416, 0.9843638814932547, 0.9779805167729958, 0.971967263815931, 0.9770001966984915, 0.9680136929114135, 0.9580326719487623, 0.9667012635407687, 0.9700781805259416, 0.9634015809158908, 0.975554414049981, 0.9662002773913102, 0.9746413587230178, 0.9776842829231691, 0.97122862916517, 0.9847550002034277, 0.9785493302285213]
Validation Recall: [0.774, 0.7815, 0.88, 0.9535, 0.954, 0.9605, 0.9745, 0.9825, 0.968, 0.9635, 0.9595, 0.968, 0.977, 0.962, 0.9685, 0.961, 0.982, 0.9625, 0.969, 0.9695, 0.9665, 0.981, 0.975, 0.977, 0.959, 0.967, 0.981, 0.9705, 0.9705, 0.9635, 0.9695, 0.9695, 0.972, 0.9635, 0.9645, 0.964, 0.965, 0.964, 0.9655, 0.9615, 0.968, 0.9615, 0.982, 0.9645, 0.963, 0.982, 0.9635, 0.963, 0.971, 0.9805, 0.9705, 0.983, 0.975, 0.9425, 0.964, 0.983, 0.9785, 0.9655, 0.965, 0.984, 0.977, 0.97, 0.976, 0.9625, 0.9505, 0.963, 0.965, 0.9585, 0.974, 0.962, 0.973, 0.9765, 0.969, 0.9845, 0.9775]
Validation Loss Min: 0.0535
Validation Accuracy Max: 0.9845
Validation F1 Max: 0.9845

--- MODEL CONFIGURATION ---
FIRST LAYER NODES: 128
HIDDEN LAYERS: 3
PATIENCE: 15
MAX EPOCHS: 100
EPOCHS RUN: 74

--- CLASSIFICATION REPORT ---
              precision    recall  f1-score   support

           0       1.00      1.00      1.00       300
           1       0.96      0.97      0.97       200
           2       0.99      0.99      0.99       200
           3       0.96      0.96      0.96       200
           4       0.99      0.99      0.99       100

    accuracy                           0.98      1000
   macro avg       0.98      0.98      0.98      1000
weighted avg       0.98      0.98      0.98      1000

VALIDATION MACRO F1: 0.9838
