PARAMS: {'batch_size': 32, 'learning_rate': 0.01, 'dropout_rate': 0.2, 'epochs': 100, 'patience': 15}
ACCURACY:  0.9780
F1 SCORE:  0.9772
PRECISION: 0.9771
RECALL:    0.9773
TEST LOSS: 0.0929
Validation Loss: [0.19518186151981354, 0.11910227686166763, 0.09653390198945999, 0.09365709125995636, 0.1446555107831955, 0.13470670580863953, 0.1820959448814392, 0.3119432330131531, 0.1209816187620163, 0.11142003536224365, 0.11921033263206482, 0.14190253615379333, 0.11589093506336212, 0.1100500077009201, 0.17570030689239502, 0.12503336369991302, 0.1342480480670929, 0.14370591938495636, 0.17985816299915314]
Validation Accuracy: [0.9075000286102295, 0.9595000147819519, 0.9610000252723694, 0.9769999980926514, 0.9284999966621399, 0.9725000262260437, 0.921999990940094, 0.8980000019073486, 0.953499972820282, 0.9695000052452087, 0.9559999704360962, 0.9539999961853027, 0.987500011920929, 0.9670000076293945, 0.9150000214576721, 0.9555000066757202, 0.9620000123977661, 0.9674999713897705, 0.9139999747276306]
Validation F1: [0.9055441595743962, 0.959496312258266, 0.9608222356247055, 0.9769900854925077, 0.9263082258130484, 0.9724728279746524, 0.9191687373673427, 0.8923374589419154, 0.9532119504692594, 0.9694514221554411, 0.9556952240684716, 0.9534881280150347, 0.987506925170927, 0.9669192550530096, 0.9112030771155769, 0.955025208138491, 0.9618513607385624, 0.9674246856735083, 0.9106273053984951]
VALIDATION MACRO F1: [0.90432120746734, 0.9591629789249326, 0.9609054995714168, 0.9770733494392185, 0.9263914897597594, 0.9725560919213635, 0.9193354040340094, 0.892173836320465, 0.9529621589763486, 0.9695346861021521, 0.9557784880151828, 0.9536545173661162, 0.9876735918375935, 0.9670025189997207, 0.911286341062288, 0.9551084720852023, 0.9619346246852736, 0.9675079496202192, 0.9107105693452062]
Validation Precision: [0.9194118442384165, 0.9604428607151788, 0.964860025515723, 0.9775285676943576, 0.9471023079615155, 0.9733973655207082, 0.9434030789971318, 0.9263867782417398, 0.958485340061627, 0.9707878114078445, 0.9605888430347664, 0.9622686283815851, 0.9877695815010402, 0.9688336947254644, 0.9400983714898135, 0.9634352581762635, 0.9647479349211197, 0.9692513988401795, 0.9355081649942575]
Validation Recall: [0.9075, 0.9595, 0.961, 0.977, 0.9285, 0.9725, 0.922, 0.898, 0.9535, 0.9695, 0.956, 0.954, 0.9875, 0.967, 0.915, 0.9555, 0.962, 0.9675, 0.914]
Validation Loss Min: 0.0937
Validation Accuracy Max: 0.9875
Validation F1 Max: 0.9875
VALIDATION MACRO F1 Max: 0.9877

--- MODEL CONFIGURATION ---
PATIENCE: 15
MAX EPOCHS: 100
EPOCHS RUN: 19

--- CLASSIFICATION REPORT ---
              precision    recall  f1-score   support

           0       1.00      1.00      1.00       300
           1       0.95      0.96      0.95       200
           2       0.99      0.99      0.99       200
           3       0.95      0.94      0.95       200
           4       0.99      0.99      0.99       100

    accuracy                           0.98      1000
   macro avg       0.98      0.98      0.98      1000
weighted avg       0.98      0.98      0.98      1000
