PARAMS: {'batch_size': 128, 'learning_rate': 0.001, 'dropout_rate': 0.2, 'n_hidden_layers': 3, 'first_layer_nodes': 64, 'epochs': 100, 'patience': 15}
ACCURACY:  0.9800
F1 SCORE:  0.9800
MACRO F1-SCORE: 0.9780
PRECISION: 0.9801
RECALL:    0.9800
TEST LOSS: 0.0796
Validation Loss: [0.7267178297042847, 0.5343250632286072, 0.4098486304283142, 0.315544456243515, 0.21796563267707825, 0.19393165409564972, 0.17220669984817505, 0.1305559128522873, 0.11838717758655548, 0.10286770015954971, 0.10268474370241165, 0.09586427360773087, 0.0830327570438385, 0.09652842581272125, 0.12216363847255707, 0.07785757631063461, 0.07598351687192917, 0.0787983164191246, 0.07321185618638992, 0.08259214460849762, 0.07051506638526917, 0.06855575740337372, 0.07330983132123947, 0.07040870189666748, 0.06733699142932892, 0.06717135012149811, 0.08021752536296844, 0.07341410219669342, 0.06673315167427063, 0.07164222002029419, 0.07276786118745804, 0.0679052546620369, 0.06320860236883163, 0.07068800926208496, 0.06603788584470749, 0.0612742118537426, 0.06197696551680565, 0.0744844526052475, 0.07849665731191635, 0.08417536318302155, 0.06553714722394943, 0.05816013365983963, 0.06604884564876556, 0.06225140392780304, 0.061271943151950836, 0.06565597653388977, 0.08524152636528015, 0.06055253744125366, 0.0635053962469101, 0.07211987674236298, 0.0647202804684639, 0.09848885983228683, 0.07498528063297272, 0.06098152697086334, 0.08256261050701141, 0.06526044011116028, 0.07038514316082001]
Validation Accuracy: [0.7735000252723694, 0.7860000133514404, 0.800000011920929, 0.8834999799728394, 0.9315000176429749, 0.9139999747276306, 0.9269999861717224, 0.9624999761581421, 0.9674999713897705, 0.9674999713897705, 0.9664999842643738, 0.9624999761581421, 0.9750000238418579, 0.9610000252723694, 0.9559999704360962, 0.9714999794960022, 0.9785000085830688, 0.9700000286102295, 0.9785000085830688, 0.9635000228881836, 0.9775000214576721, 0.9815000295639038, 0.968999981880188, 0.9710000157356262, 0.9900000095367432, 0.9750000238418579, 0.9629999995231628, 0.9679999947547913, 0.9884999990463257, 0.9704999923706055, 0.968999981880188, 0.972000002861023, 0.9794999957084656, 0.9804999828338623, 0.9725000262260437, 0.9835000038146973, 0.9815000295639038, 0.9660000205039978, 0.9635000228881836, 0.9649999737739563, 0.9764999747276306, 0.9810000061988831, 0.9745000004768372, 0.9794999957084656, 0.9710000157356262, 0.9754999876022339, 0.9629999995231628, 0.9909999966621399, 0.9639999866485596, 0.9664999842643738, 0.9700000286102295, 0.9610000252723694, 0.9639999866485596, 0.9775000214576721, 0.9620000123977661, 0.9704999923706055, 0.9660000205039978]
Validation F1: [0.7400064555141119, 0.7527476057438718, 0.7748301180668633, 0.8825675215414835, 0.9316393087565221, 0.9122290771796252, 0.9260502320548349, 0.9624757742372116, 0.9674133987648728, 0.9673828668834451, 0.9664214653303163, 0.962314210641426, 0.9749690957272521, 0.9607851331293935, 0.9556275882202557, 0.9714611662801269, 0.9785108476786891, 0.9699570418833418, 0.9784943053825185, 0.9633442368557736, 0.9774913023026408, 0.9815006096500773, 0.9689032982873134, 0.9709644391689677, 0.9900041034666756, 0.9749771441803636, 0.9627588404813878, 0.967924114386192, 0.9885078942536504, 0.9704549707378058, 0.9689189612265966, 0.9719383265059154, 0.9794968324696794, 0.9805074623025262, 0.9724511462352159, 0.9835039533597428, 0.981504588278589, 0.9658666236024556, 0.963257602578047, 0.9648345458042231, 0.9764810885483848, 0.980999821039072, 0.9744743096463451, 0.9794931567172203, 0.9709643350227123, 0.975491349651217, 0.9627588404813878, 0.9910054079108588, 0.9637319299492164, 0.9663739563322652, 0.969908551930662, 0.9606957637351745, 0.9637689199662232, 0.9774771938011638, 0.9617676908667524, 0.9704368813679054, 0.9658860165372669]
Validation Precision: [0.7229491835517722, 0.7353226744956305, 0.830230213622482, 0.892035639734634, 0.9350309972386851, 0.9267716764125005, 0.932942509331664, 0.9640529425016896, 0.9703551647577535, 0.9702047071702243, 0.9691773835920178, 0.9660443207602403, 0.9760886763314275, 0.9648912893786616, 0.9617610338844459, 0.9726364992107122, 0.9786229608612689, 0.9712909595355858, 0.9788874070978955, 0.9665851147006408, 0.9779707890415695, 0.981687015851212, 0.9721706622032666, 0.9721535474093018, 0.9900520940387084, 0.9759179391884598, 0.9685014264138279, 0.9698218851463359, 0.9885236167008222, 0.9718701084590662, 0.9710155440708236, 0.9746686546308311, 0.9798122315902488, 0.9805494818887484, 0.9738485090833127, 0.9836424838189737, 0.9816780925869306, 0.9688117656512931, 0.9689940129859178, 0.9683285464409354, 0.9772930672814091, 0.9812882018479033, 0.9754795305268633, 0.9798365190690042, 0.9726622303226063, 0.9758292809952333, 0.9685014264138279, 0.9910137095073263, 0.9692226669475458, 0.9692104381481884, 0.9730542878210001, 0.9672173722582058, 0.9693538676046519, 0.9784181955101551, 0.9662002773913102, 0.9723090155602472, 0.9685065096153268]
Validation Recall: [0.7735, 0.786, 0.8, 0.8835, 0.9315, 0.914, 0.927, 0.9625, 0.9675, 0.9675, 0.9665, 0.9625, 0.975, 0.961, 0.956, 0.9715, 0.9785, 0.97, 0.9785, 0.9635, 0.9775, 0.9815, 0.969, 0.971, 0.99, 0.975, 0.963, 0.968, 0.9885, 0.9705, 0.969, 0.972, 0.9795, 0.9805, 0.9725, 0.9835, 0.9815, 0.966, 0.9635, 0.965, 0.9765, 0.981, 0.9745, 0.9795, 0.971, 0.9755, 0.963, 0.991, 0.964, 0.9665, 0.97, 0.961, 0.964, 0.9775, 0.962, 0.9705, 0.966]
Validation Loss Min: 0.0582
Validation Accuracy Max: 0.9910
Validation F1 Max: 0.9910

--- MODEL CONFIGURATION ---
FIRST LAYER NODES: 64
HIDDEN LAYERS: 3
PATIENCE: 15
MAX EPOCHS: 100
EPOCHS RUN: 56

--- CLASSIFICATION REPORT ---
              precision    recall  f1-score   support

           0       1.00      1.00      1.00       300
           1       0.95      0.97      0.96       200
           2       0.99      0.99      0.99       200
           3       0.96      0.94      0.95       200
           4       0.99      0.99      0.99       100

    accuracy                           0.98      1000
   macro avg       0.98      0.98      0.98      1000
weighted avg       0.98      0.98      0.98      1000

VALIDATION MACRO F1: 0.9808
