PARAMS: {'batch_size': 64, 'learning_rate': 0.001, 'dropout_rate': 0.2, 'n_hidden_layers': 3, 'first_layer_nodes': 256, 'epochs': 100, 'patience': 15}
ACCURACY:  0.9830
F1 SCORE:  0.9830
MACRO F1-SCORE: 0.9800
PRECISION: 0.9831
RECALL:    0.9830
TEST LOSS: 0.0733
Validation Loss: [0.41446319222450256, 0.1408756524324417, 0.2382466346025467, 0.09064380824565887, 0.08182115852832794, 0.10395824909210205, 0.11213940382003784, 0.0727415680885315, 0.0803147554397583, 0.07378129661083221, 0.07166700065135956, 0.07194772362709045, 0.06906897574663162, 0.07461371272802353, 0.09605725854635239, 0.088399238884449, 0.06436266005039215, 0.06341865658760071, 0.0731356292963028, 0.07994358986616135, 0.07091894000768661, 0.0655052661895752, 0.10443175584077835, 0.16482451558113098, 0.06968089193105698, 0.06892064213752747, 0.07274210453033447, 0.06822866946458817, 0.06373439729213715, 0.0587531141936779, 0.06632775068283081, 0.05852506309747696, 0.0756181925535202, 0.07316583395004272, 0.06267029047012329, 0.07255718111991882, 0.06414756923913956, 0.07379638403654099, 0.05883679911494255, 0.06532255560159683, 0.0611698180437088, 0.09897149354219437, 0.07556291669607162, 0.061682481318712234, 0.060190510004758835, 0.07226739823818207, 0.06757122278213501]
Validation Accuracy: [0.7944999933242798, 0.9710000157356262, 0.8859999775886536, 0.9629999995231628, 0.968999981880188, 0.9545000195503235, 0.9539999961853027, 0.9794999957084656, 0.9635000228881836, 0.9635000228881836, 0.9710000157356262, 0.968999981880188, 0.9835000038146973, 0.9639999866485596, 0.9700000286102295, 0.9695000052452087, 0.9760000109672546, 0.9764999747276306, 0.9635000228881836, 0.965499997138977, 0.9679999947547913, 0.9800000190734863, 0.9580000042915344, 0.9424999952316284, 0.9700000286102295, 0.9639999866485596, 0.9645000100135803, 0.9725000262260437, 0.9804999828338623, 0.9810000061988831, 0.9710000157356262, 0.9794999957084656, 0.9645000100135803, 0.968500018119812, 0.9700000286102295, 0.9629999995231628, 0.972000002861023, 0.9645000100135803, 0.9865000247955322, 0.9704999923706055, 0.9750000238418579, 0.9595000147819519, 0.9645000100135803, 0.9835000038146973, 0.9735000133514404, 0.9670000076293945, 0.9704999923706055]
Validation F1: [0.7690260982942806, 0.971025962594647, 0.8820810681521661, 0.9628592059770009, 0.9689189612265966, 0.9541009534779695, 0.9535662176709916, 0.9794968324696794, 0.96335593308816, 0.9633819522984622, 0.9709286764895051, 0.9689392163476923, 0.9834999348671869, 0.9637689199662232, 0.9699249576886083, 0.9694092081861798, 0.9759695768665363, 0.9764717251853942, 0.963257602578047, 0.9653859383429599, 0.967978218289692, 0.9799943519081818, 0.9576671541869721, 0.9415801303404278, 0.9698797754865818, 0.9637689199662232, 0.9644554183550883, 0.9724427854964983, 0.9805053841628835, 0.980991619804126, 0.9709293909922849, 0.9794862782381324, 0.9643169854310731, 0.9683871126275155, 0.9699339636361459, 0.9627079849158763, 0.9719599086643838, 0.9643169854310731, 0.9865025954487405, 0.9704269119982789, 0.9749563909383367, 0.9592371727034126, 0.9643169854310731, 0.9834999348671869, 0.9734511566698518, 0.9668913617824513, 0.9704216022989774]
Validation Precision: [0.8356224425182441, 0.9718506415906352, 0.8994315479952567, 0.9658756514506931, 0.9710155440708236, 0.9605616890913928, 0.9603338337966488, 0.9798122315902488, 0.9663586032521034, 0.965991543879667, 0.9728737173482969, 0.9711878808206161, 0.9844114099144229, 0.9693538676046519, 0.9727789879227811, 0.9726998262112942, 0.9770111580611235, 0.9775447525650108, 0.9689940129859178, 0.9678408229057976, 0.9691794129563049, 0.9804963367945746, 0.9633340018582264, 0.9524518919314148, 0.9737944265600104, 0.9693538676046519, 0.9661212414298226, 0.974125878241659, 0.9806756109259565, 0.9815367758489001, 0.9736717171717172, 0.9801883448838412, 0.9681070053927131, 0.9710922111570417, 0.9723990105212761, 0.9685014264138279, 0.9738448911903069, 0.9681070053927131, 0.9866407993720339, 0.9723308542553419, 0.9764008160779613, 0.9640280655627792, 0.9681070053927131, 0.9844114099144229, 0.9749695833954176, 0.9692024339687916, 0.9734822303727926]
Validation Recall: [0.7945, 0.971, 0.886, 0.963, 0.969, 0.9545, 0.954, 0.9795, 0.9635, 0.9635, 0.971, 0.969, 0.9835, 0.964, 0.97, 0.9695, 0.976, 0.9765, 0.9635, 0.9655, 0.968, 0.98, 0.958, 0.9425, 0.97, 0.964, 0.9645, 0.9725, 0.9805, 0.981, 0.971, 0.9795, 0.9645, 0.9685, 0.97, 0.963, 0.972, 0.9645, 0.9865, 0.9705, 0.975, 0.9595, 0.9645, 0.9835, 0.9735, 0.967, 0.9705]
Validation Loss Min: 0.0585
Validation Accuracy Max: 0.9865
Validation F1 Max: 0.9865

--- MODEL CONFIGURATION ---
FIRST LAYER NODES: 256
HIDDEN LAYERS: 3
PATIENCE: 15
MAX EPOCHS: 100
EPOCHS RUN: 46

--- CLASSIFICATION REPORT ---
              precision    recall  f1-score   support

           0       1.00      1.00      1.00       300
           1       0.96      0.96      0.96       200
           2       0.99      0.99      0.99       200
           3       0.96      0.96      0.96       200
           4       1.00      0.99      0.99       100

    accuracy                           0.98      1000
   macro avg       0.98      0.98      0.98      1000
weighted avg       0.98      0.98      0.98      1000

VALIDATION MACRO F1: 0.9793
